generating neighborhood - rnd
2021-05-05 04:04:39.063342: I tensorflow/stream_executor/platform/default/dso_loader.cc:48] Successfully opened dynamic library libcublas.so.10
2021-05-05 04:04:55.246639: I tensorflow/stream_executor/platform/default/dso_loader.cc:48] Successfully opened dynamic library libcudnn.so.7
Latent space
Real space
(array([0, 1, 2, 3, 5, 6]), array([  2, 117,  41,  10,  61,  19]))
Latent space 2
synthetic neighborhood class counts {'0': 2, '1': 117, '2': 41, '3': 10, '5': 61, '6': 19}
learning local decision tree
retrieving explanation
e = {
        r = { 7 > -0.53, 93 <= 0.37, 47 <= 1.03, 119 <= -0.20, 230 <= 1.33, 54 <= 1.67, 35 > 0.13, 214 <= -0.39 } --> { class: 5 }
        c = { { 119 > -0.20 } --> { class: 1 }, { 47 > 1.03 } --> { class: 1 }, { 93 > 0.37 } --> { class: 1 }, { 230 > 1.33 } --> { class: 1 } }
}
5 5 0.9600026921611456
[5]
[[2.61898776e-07 4.35172268e-07 1.52055850e-06 8.05622093e-08
  4.50952982e-08 9.99998093e-01 1.13905365e-07 6.09938056e-08]]
[-1.17720947e-01  9.84122276e-01 -9.81775522e-02  9.44630027e-01
 -9.36344385e-01 -3.88516903e-01  3.14244986e-01 -5.08288324e-01
 -5.81977248e-01  1.81574926e-01  8.40323150e-01 -3.03780884e-01
 -7.02266812e-01 -4.10444677e-01 -6.99725330e-01  1.11694552e-01
  1.21128872e-01 -2.23983955e+00  1.88850909e-01  1.34192437e-01
 -4.76707935e-01 -1.31265152e+00  2.35465080e-01 -6.56317055e-01
  1.27859116e-01  2.80297995e+00  5.88027954e-01  5.41061349e-02
 -2.01227713e+00  3.26607227e-01  1.17580628e+00  2.21724465e-01
  1.58688676e+00  2.75028229e-01 -8.64527375e-02 -2.35242152e+00
 -1.45682395e-01 -7.05128312e-01  3.39553714e-01  8.68381143e-01
  2.04786110e+00  5.44876046e-03 -5.66318929e-01 -5.96099675e-01
  1.41433096e+00 -4.43588167e-01  1.29353392e+00  5.29804945e-01
 -1.07455730e-01 -9.81076598e-01  8.01333725e-01 -7.01329648e-01
  5.76194942e-01  1.26800370e+00  1.25378895e+00  3.10139000e-01
 -5.72090387e-01 -4.15925235e-01  1.06036353e+00 -4.41414654e-01
  2.51055717e+00 -2.04265296e-01 -8.13677549e-01  1.26876330e+00
 -2.12850407e-01 -1.56630591e-01  8.75309289e-01  8.25661957e-01
 -2.78917938e-01 -1.38425916e-01  1.53919446e+00  1.19319129e+00
 -1.21265650e+00 -1.30498612e+00 -3.98470044e-01 -6.92907333e-01
 -3.84302229e-01  7.51127005e-01 -1.28692389e-01  4.75523293e-01
  6.66200876e-01  6.96320057e-01 -8.97040665e-02  2.15915531e-01
 -5.11973023e-01  1.20593786e-01 -7.74254352e-02  5.85827351e-01
 -9.96542990e-01 -8.21107268e-01  2.46850714e-01 -1.03841174e+00
 -6.98316574e-01 -5.50595760e-01  4.81771767e-01  1.68214738e-02
 -2.35505891e+00  1.60851553e-01  7.88718700e-01 -6.12176657e-01
 -5.68751097e-01 -2.35797465e-01 -1.19820982e-03 -1.32638776e+00
  2.71251500e-01  1.58071905e-01 -5.83535492e-01 -3.09224486e-01
 -7.77169466e-01 -1.21539760e+00 -3.64302516e-01  2.31010467e-01
 -2.42311999e-01 -9.05725062e-02 -1.67786479e-01 -4.27699775e-01
  1.48856431e-01  1.00609332e-01  2.12159991e-01 -1.30473211e-01
  3.85561585e-02 -3.44361402e-02 -6.67637825e-01 -1.21993572e-02
  1.09146670e-01 -9.18720543e-01 -7.47635543e-01 -6.53618753e-01
 -6.42749429e-01 -4.30618912e-01  4.67963278e-01  4.40660685e-01
 -2.47596800e-01 -1.34604526e+00  6.96834326e-02 -4.05516833e-01
  7.49208152e-01  1.42054394e-01  3.81157070e-01  8.29705715e-01
  8.57984185e-01  1.21306014e+00 -2.49960065e-01  5.22888780e-01
 -6.49144769e-01  7.79466927e-01 -1.21053481e+00 -9.94128734e-02
  3.45237899e+00  3.34062278e-02  4.45861250e-01  1.82686284e-01
  1.82442456e-01 -2.62284309e-01 -5.53778291e-01  3.96519601e-02
  2.14859828e-01  2.59632587e-01 -7.72005022e-02 -6.42598927e-01
  2.44850770e-01  4.69030231e-01 -1.36016595e+00  1.96606517e+00
  6.75415993e-01  1.63105384e-01 -1.86689198e-03  6.30926609e-01
  1.04533625e+00 -6.88380182e-01 -1.12998807e+00  9.61495936e-01
 -5.10971904e-01 -7.25088298e-01  1.41371071e-01 -2.72301555e-01
 -8.88635337e-01 -2.91336089e-01 -5.26170731e-01  1.85973573e+00
 -1.21984196e+00  7.71499723e-02 -1.61502838e-01  3.71779442e-01
 -4.05112177e-01 -6.60056949e-01 -1.41938955e-01  1.81666517e+00
 -4.79773939e-01  6.79644883e-01 -7.38667428e-01  1.25496364e+00
 -1.50424302e-01  1.14113495e-01  1.13272870e+00  3.90194356e-01
 -1.14216000e-01  1.88802099e+00  1.22015893e+00  4.47106898e-01
  1.14569247e+00  2.86441469e+00  1.91943514e+00  1.33980131e+00
 -3.86486351e-01  7.16719985e-01  8.04493308e-01 -6.93618715e-01
 -1.49587345e+00 -8.95376980e-01  3.61049920e-02 -9.59596157e-01
  6.97236121e-01 -3.03049654e-01 -1.29045177e+00 -1.06638759e-01
  9.07411352e-02  6.44786477e-01 -1.01978695e+00  7.22998857e-01
 -1.77040786e-01  7.61708736e-01 -1.18301630e-01  9.44038481e-02
  1.52527094e-01 -7.69064128e-01 -4.82606798e-01 -5.54749250e-01
 -2.50035077e-01  8.60053003e-01 -7.74644613e-02 -5.89354187e-02
 -1.51872468e+00 -3.31315398e-01  2.37724707e-01 -8.35792899e-01
 -1.48774219e+00  8.86575162e-01  9.24247056e-02  3.00922781e-01
 -4.67817187e-01  1.47276953e-01  6.76864266e-01  3.47130150e-01
  1.01539969e+00 -1.13734543e+00  7.37873852e-01  3.73484939e-01
 -5.47456622e-01 -3.96786720e-01  5.45044780e-01 -1.11417925e+00
 -3.47477019e-01 -9.09228697e-02 -2.25783974e-01  1.47881353e+00]
