generating neighborhood - rnd
2021-05-02 19:35:56.136237: I tensorflow/stream_executor/platform/default/dso_loader.cc:48] Successfully opened dynamic library libcublas.so.10
2021-05-02 19:35:59.898597: I tensorflow/stream_executor/platform/default/dso_loader.cc:48] Successfully opened dynamic library libcudnn.so.7
Latent space
Real space
(array([1, 2, 3, 5, 6]), array([17, 11,  1, 14,  7]))
Latent space 2
synthetic neighborhood class counts {'1': 17, '2': 11, '3': 1, '5': 14, '6': 7}
learning local decision tree
retrieving explanation
e = {
        r = { 187 <= 0.29, 7 <= 0.90, 13 <= 0.06, 174 <= 0.28, 118 > -0.28, 205 > 0.22 } --> { class: 3 }
        c = { { 13 > 0.06 } --> { class: 5 }, { 205 <= 0.22 } --> { class: 5 }, { 174 > 0.28 } --> { class: 6 } }
}
3 3 0.9800010898717398
[3]
[[3.0837789e-02 2.8415037e-02 1.5647577e-01 7.1183318e-01 6.1680492e-02
  3.2859168e-03 4.7933002e-04 6.9923755e-03]]
[ 0.3025436   0.76244575  0.15517576 -0.00711447 -0.69911027 -0.47882167
 -0.08192101 -0.48921642  0.2155897   0.10370088 -0.2524494  -0.60925764
 -0.77479815 -0.51246196 -0.71510065  0.17390315  0.5352459  -0.81264406
  0.7058211   0.41347274 -1.2930347  -0.97332156  0.2963022  -0.6640515
 -0.21404952  1.0268463   0.8015407  -0.18269582 -0.3420494   1.4483311
  1.2075393  -0.12232435 -0.7486852  -0.07300812 -1.1815413  -0.596369
 -0.2903456  -0.64304674 -0.7126765  -0.26525962  0.3325917  -0.24691541
  0.04169061 -0.07093558  0.5942903  -1.4170895   0.60677487  0.08639145
 -0.01786134 -0.8932888   0.24804407 -1.0657127  -0.06790294  0.2525759
 -0.9355477  -0.73672414 -0.03008848 -0.18539764  0.6143294  -0.36770037
  0.6465087  -0.66534704 -0.41895956 -0.4512518  -0.660135   -0.8176302
  0.3786291  -0.05719608 -0.14747685  0.5549522   1.1894519  -0.9608189
  0.21284425 -1.1178999   0.01287228 -0.18110749 -1.4531056   0.86102533
 -0.0430662   0.60977936 -1.0220428  -0.7431961  -0.3461929   0.18875961
 -0.659599   -0.34371942 -0.24371924 -0.30901328 -0.17359865 -0.11690728
 -0.02940437 -0.11744204 -0.5485359  -0.23378174  0.01485733  0.16660206
 -2.236017    0.08617543 -1.1257764  -1.1044574  -1.0350624  -0.19866142
 -0.441073    0.54264194  0.5694284  -0.53679866  0.39179367 -0.81814426
 -0.60791945 -0.3263484   0.11249735 -0.4510713   0.55722886 -0.06047205
 -1.1274239   0.19961265 -0.16075245 -1.7922801  -0.04344207 -0.3054198
 -1.4995583   0.37276262 -0.29089123  0.4554532  -0.61431015 -0.05025459
 -1.3734424  -0.06417097 -0.5670011  -0.8848816   0.7169666  -0.59780717
 -0.40657    -0.5560624   0.79427165 -0.18138418 -0.0030133   0.44515568
  0.28061295  1.4270728   0.27065426  0.27838093 -0.38792378 -0.01167215
  0.10339519  0.44730508 -0.4763721  -0.08830754  2.289034   -0.37306428
  0.1588006   0.96851957  0.4016956  -0.6017499   0.8971883  -0.46070063
  0.24191794  0.519899    0.37767383 -0.9801904   0.7495699   1.8896664
  0.19573253  0.0863965   0.8529024   0.08737885  0.20601898  0.4436747
  0.49286288 -0.3859421  -1.023536   -0.05806598 -1.265109   -0.0358412
 -0.14723824  0.37535867  0.15916821 -0.9860835   1.1666628   1.2190399
  1.0294851  -0.15925983 -0.7384465  -0.15337023 -2.5668876  -0.17317508
 -0.08784929  1.8201454  -0.5197249   0.18178661 -0.6836702   0.08911607
 -0.06231183 -1.0851928   0.49877626  0.6527836   0.26134884  0.6512195
  0.4273315  -0.9050137   0.08514386  0.6751625  -0.21987152 -1.2473139
 -1.0617869   0.2957075   0.04269354  0.22565164 -0.79505396 -0.06776753
 -0.39379215  0.00596887  0.8141086  -0.88108915 -2.3892198  -0.03828719
  0.03181247  0.15260255 -0.25072402  0.94400966 -0.0084478   0.9934756
  0.34293443 -0.06710273  0.7063332  -0.69905406 -0.29305154 -0.4002366
 -0.13921796  0.06318343  0.20365973 -0.40963826 -0.9959481   0.66117275
  0.2955949  -1.1213746  -0.50489306  0.05621544 -0.22857104  0.3760895
 -1.9240925   0.74155015 -0.328199    0.14691001  0.9706835  -1.3377975
  0.04934581  0.47153625 -1.2289575   0.7046107   0.66056377  0.3507705
  0.0044048  -0.7696156  -0.44927827  0.22042811]
