generating neighborhood - rnd
2021-05-02 22:25:55.218497: I tensorflow/stream_executor/platform/default/dso_loader.cc:48] Successfully opened dynamic library libcublas.so.10
2021-05-02 22:26:34.133839: I tensorflow/stream_executor/platform/default/dso_loader.cc:48] Successfully opened dynamic library libcudnn.so.7
Latent space
Real space
(array([0, 1, 2, 3, 5, 6]), array([  5, 293, 105,  21, 125,  51]))
Latent space 2
synthetic neighborhood class counts {'0': 5, '1': 293, '2': 105, '3': 21, '5': 125, '6': 51}
learning local decision tree
retrieving explanation
e = {
        r = { 168 > -0.60, 137 <= 0.16, 147 <= 1.21, 6 <= 1.31, 68 <= 1.78, 68 > -1.50, 161 > 0.88, 53 > -0.17, 89 <= -0.17, 197 <= 0.13 } --> { class: 3 }
        c = { { 147 > 1.21 } --> { class: 5 }, { 89 > -0.17 } --> { class: 5 } }
}
3 3 1.0
[3]
[[1.1934466e-04 5.7933980e-04 6.1418518e-04 9.9222785e-01 2.8735825e-03
  7.0455775e-04 4.7723117e-04 2.4038434e-03]]
[-4.53932166e-01  6.52900219e-01 -1.15079403e+00  5.21576703e-02
 -4.58971113e-01 -1.09115708e+00  5.24052620e-01  3.05041522e-01
  5.76855481e-01  1.07455599e+00  4.01342064e-01 -8.68144751e-01
 -1.33895564e+00 -9.88834426e-02 -5.82914114e-01  4.08511221e-01
  3.22662503e-01  9.68350768e-01  4.24955517e-01  4.08435643e-01
 -3.39899778e-01 -1.04867876e-01 -6.15167379e-01 -1.70114136e+00
  1.18632329e+00  3.29954326e-01  4.62755382e-01  4.46709871e-01
  2.24459362e+00  5.78665614e-01 -7.59351701e-02  1.52206376e-01
 -9.28469956e-01  1.27105191e-02 -8.29481781e-01 -5.93643427e-01
  2.03074217e-01 -5.10045826e-01 -1.05111390e-01  2.97990948e-01
  3.39080596e+00  2.95372665e-01 -8.91322196e-01 -2.17950463e-01
  1.11900234e+00 -1.10241508e+00  8.13762903e-01  2.64407784e-01
  6.07934773e-01  2.78589219e-01  4.16426271e-01 -5.23625672e-01
  1.87041640e-01 -1.20233965e+00 -1.84570938e-01  1.58718777e+00
 -7.04853833e-01 -1.56760961e-01 -6.82009578e-01 -8.33805263e-01
 -9.24387693e-01 -8.84108841e-02 -3.44742209e-01  1.47483683e+00
  2.85048515e-01 -2.48786286e-01  2.36699566e-01  4.07264680e-01
  2.50075549e-01 -3.16300273e-01  4.55169886e-01 -3.03223282e-01
 -2.40884703e-02 -5.80710649e-01  6.90548122e-01 -1.13988936e+00
 -2.98388004e-01  5.52654684e-01 -6.55972600e-01  3.32805634e-01
 -3.35458279e-01  2.06078911e+00 -8.79803523e-02 -7.33358264e-02
 -1.18894303e+00  1.23050988e+00  1.11097738e-01  1.17838252e+00
 -3.75847161e-01 -1.41802108e+00 -2.54557282e-01 -2.63632059e-01
 -1.73453823e-01 -1.22973569e-01  9.85839665e-01 -1.40018046e-01
 -2.55284131e-01 -1.82170868e-01 -8.40161085e-01  7.03932166e-01
 -1.05871439e+00 -4.65654671e-01  2.13749409e-02 -1.16170907e+00
  3.09329301e-01 -2.88280916e+00 -8.20488483e-02 -4.40066993e-01
 -1.76541686e-01 -1.17497802e+00 -2.63984911e-02 -4.32943925e-02
 -4.13363248e-01 -9.49343666e-02  3.44006628e-01 -9.93750870e-01
  4.36242729e-01 -1.22794163e+00 -1.29866615e-01 -3.30848545e-02
 -1.42979443e+00  7.07073137e-02 -5.05984843e-01 -2.48074532e-02
  3.80419567e-03 -9.12320733e-01 -3.62888962e-01 -5.52340209e-01
 -4.12264645e-01 -4.64913517e-01  4.38434213e-01  8.55902016e-01
 -4.63948250e-01 -7.66853452e-01  4.48054940e-01 -1.73235610e-02
  6.44465923e-01  1.19737968e-01  2.17211771e+00 -5.07531464e-01
  6.88227892e-01  2.15720272e+00 -1.01000965e+00  2.74943501e-01
 -5.22213817e-01 -4.14728671e-01  1.56499684e+00 -4.09142643e-01
 -1.02027261e+00  5.32374024e-01 -3.75120580e-01  1.01245582e+00
 -7.22783983e-01 -5.45646191e-01 -1.80334568e+00 -1.17898732e-01
  4.95442182e-01 -1.08332145e+00 -2.81564176e-01  1.99797285e+00
  8.85754585e-01  1.03792214e+00  4.27346420e+00  1.14093602e+00
  8.33999276e-01 -1.51127160e-01 -6.10559881e-02  2.33745858e-01
  1.13610137e+00 -4.60007608e-01  1.83383107e-01 -6.21980906e-01
 -9.63399947e-01 -1.78051442e-01  9.69341993e-01 -1.44180596e-01
 -4.24552381e-01  6.79115057e-02 -6.36834383e-01  2.12273431e+00
 -4.35072064e-01 -1.47292197e-01 -2.16420740e-02 -2.11623069e-02
  5.87827146e-01 -9.58930477e-02 -7.76212573e-01  9.61588502e-01
  1.01551473e+00  5.80783725e-01  4.53142494e-01  4.02062595e-01
 -1.49629220e-01 -4.67435777e-01  1.08107340e+00  6.53481305e-01
 -9.74283367e-02 -8.90257716e-01  1.63727522e+00  2.48742193e-01
 -6.96573257e-02  3.91083658e-02 -8.04049373e-01  4.17889595e-01
  1.39164597e-01  3.63604039e-01 -6.86204135e-02  7.79195905e-01
 -1.65708363e+00 -1.07074666e+00 -5.47731817e-01 -6.03719950e-01
 -4.27162498e-01 -6.40672147e-01  7.14125335e-01  2.40649208e-01
 -5.63912988e-02  1.12829721e+00 -1.56659460e+00  1.02692473e+00
  3.69334966e-01  4.67800379e-01  2.87100166e-01  8.77489865e-01
  1.86020136e-03 -6.19628429e-01 -4.20864224e-01 -1.08221579e+00
 -1.18083870e+00  3.22110802e-01  2.06065223e-01 -1.49283886e-01
 -2.69982219e-01 -6.29986942e-01  3.77024412e-01 -8.91585231e-01
 -5.73369741e-01  4.01867032e-01 -7.56591856e-01  5.97649157e-01
 -7.81752825e-01  4.49716330e-01 -2.90391445e-01 -1.36588991e-01
  2.56656170e-01 -8.15208614e-01  1.27436012e-01 -1.96591794e-01
 -3.20373148e-01 -3.42906713e-01  1.54685795e+00 -8.02529097e-01
 -9.42614526e-02 -3.63191575e-01 -5.32398701e-01 -5.72721481e-01]
