generating neighborhood - rnd
2021-05-06 22:44:20.416471: I tensorflow/stream_executor/platform/default/dso_loader.cc:48] Successfully opened dynamic library libcublas.so.10
2021-05-06 22:44:53.003816: I tensorflow/stream_executor/platform/default/dso_loader.cc:48] Successfully opened dynamic library libcudnn.so.7
Latent space
Real space
(array([0, 1, 2, 3, 5, 6]), array([  4, 245,  89,  14, 106,  42]))
Latent space 2
synthetic neighborhood class counts {'0': 4, '1': 245, '2': 89, '3': 14, '5': 106, '6': 42}
learning local decision tree
retrieving explanation
e = {
        r = { 183 > -0.21, 82 > -0.13, 209 > -1.31, 168 > -0.63, 49 <= 0.97, 235 > -1.45, 9 > -2.47, 228 > -1.88, 132 <= 1.05, 68 <= 1.91 } --> { class: 1 }
        c = { { 82 <= -0.13 } --> { class: 5 } }
}
1 1 0.9940002938179255
[1]
[[7.1853297e-05 9.9809968e-01 2.6710643e-06 5.9218227e-08 8.1072398e-07
  1.8248922e-03 3.4098395e-08 1.0517353e-08]]
[-3.42179090e-01  7.21184134e-01  2.15108201e-01  1.88596666e-01
 -1.24002075e+00 -6.85459197e-01 -1.20208502e+00 -8.47911060e-01
 -2.69311488e-01 -5.16444683e-01  5.27382195e-01 -1.26020646e+00
  7.95907438e-01 -6.33999228e-01 -5.73891997e-01  5.73861599e-01
 -4.82639641e-01 -8.83156121e-01  9.23653126e-01 -2.85764933e-01
 -5.10590494e-01  2.70799696e-01  1.48615271e-01 -1.11285615e+00
 -2.17190504e-01 -2.46516466e-01  2.70795435e-01 -1.99606419e-02
  3.31210136e-01  6.66217804e-02  7.83517361e-01  1.00829041e+00
 -7.21147656e-02  7.10238665e-02 -1.59953094e+00 -1.72944546e+00
 -2.54367113e-01 -1.02888572e+00 -5.93601882e-01  3.06087554e-01
  9.01720703e-01 -5.32240570e-02  7.71390870e-02  1.83133736e-01
  1.72308147e+00 -1.78246140e+00  1.78550839e+00 -8.57113361e-01
  7.22326815e-01 -2.58543670e-01 -1.59096822e-01 -1.32590175e+00
 -2.14861131e+00  1.62438512e+00 -1.17689037e+00 -9.92411137e-01
 -6.55140698e-01  2.45526433e-01 -1.24084663e+00 -1.10571396e+00
  3.79712582e-01 -5.54231167e-01 -6.15614235e-01  2.30974331e-01
 -1.18802488e+00 -7.09564149e-01  6.98139012e-01  7.83406019e-01
 -3.75340253e-01 -3.52893680e-01  6.86002731e-01  8.94885480e-01
 -5.95128357e-01  1.56274796e-01  6.89814270e-01 -5.70042968e-01
 -6.71168804e-01  8.68812799e-01 -1.13351190e+00  4.17655706e-01
  8.45667645e-02  9.50107932e-01  1.14986253e+00  1.76557571e-01
 -1.15788567e+00 -5.20714164e-01 -6.21681631e-01  1.05001175e+00
 -1.17674708e+00 -1.65643287e+00  1.84356284e+00  1.40116835e+00
 -1.41974854e+00 -7.85800755e-01  7.73163617e-01 -7.70182252e-01
 -7.11159945e-01  1.11338988e-01 -1.83365703e+00  4.57384646e-01
 -1.18658519e+00 -3.43506664e-01  6.51001692e-01  2.67413557e-01
  6.20959699e-02 -1.05063581e+00 -4.05600905e-01  2.65034735e-01
 -1.22820783e+00 -1.09991312e+00 -5.29810369e-01  6.98670328e-01
  3.90332073e-01  5.11697054e-01 -1.13953912e+00 -9.68280017e-01
  6.51319697e-03  7.98253417e-01  3.26395243e-01 -6.09336138e-01
 -3.27414304e-01  6.14136040e-01 -1.15261710e+00  5.29890895e-01
 -7.03689992e-01 -7.90092409e-01 -2.22883403e-01  1.39537022e-01
  2.15757191e-01 -1.09452033e+00  1.46908629e+00  3.24371517e-01
 -1.51518631e+00 -5.61811805e-01 -1.68422669e-01 -7.55787969e-01
  2.87237376e-01 -4.63354856e-01  2.07191229e-01  1.26727319e+00
  9.86410975e-01  2.07800102e+00 -1.66186237e+00  3.20559114e-01
 -9.14689451e-02 -1.73770264e-02  2.55311280e-01 -7.22539186e-01
  2.73096418e+00  7.99634278e-01 -2.53027827e-01  1.21860254e+00
 -1.63330734e-01 -1.26393032e+00  2.12972331e+00 -7.70212889e-01
 -3.23553681e-01  7.44719505e-02  5.45981050e-01  1.80473477e-01
 -7.24189937e-01  3.65760446e-01 -3.97781789e-01  1.13931620e+00
  2.59087443e-01  1.81414634e-01 -6.90383375e-01  7.09102631e-01
  1.13453126e+00 -9.51869071e-01 -6.20212436e-01  5.07424653e-01
 -9.71007884e-01  6.64230883e-02  1.42280996e+00  6.51038587e-02
 -4.87854540e-01  6.13014996e-01  1.39010489e-01 -2.09724760e+00
  7.09236264e-01  4.24285084e-01  5.50579488e-01 -1.68699190e-01
 -3.71554756e+00 -5.53125620e-01 -3.39806914e-01  9.05136645e-01
  3.78512770e-01 -4.32592630e-02  1.12340346e-01  2.42718410e+00
  3.37768584e-01  8.32638666e-02  1.04601228e+00  3.20328534e-01
 -8.11884582e-01  9.22683835e-01  1.44302177e+00 -1.32214880e+00
 -3.58289778e-02  2.23255277e+00  7.10461497e-01 -2.33681828e-01
 -1.18667436e+00  3.92944306e-01  1.04112542e+00  1.71978548e-01
 -3.21618825e-01 -1.04047489e+00  7.60717094e-01 -5.57770193e-01
  7.37618655e-02 -1.44003022e+00 -2.51828027e+00  1.11924136e+00
 -4.78948504e-01  7.74787009e-01 -1.35070467e+00  2.99590856e-01
 -4.46644217e-01  9.14120257e-01  9.26140308e-01  3.63402307e-01
 -9.43835378e-01  4.67888832e-01 -6.51816249e-01 -1.23614287e+00
  3.42815369e-03  4.40433800e-01  1.39321220e+00 -9.02109087e-01
 -1.79428697e-01 -8.73294234e-01  3.87929231e-01 -1.35126436e+00
 -1.50367916e-01  6.22447431e-01  1.43671289e-01  4.42950845e-01
 -8.85722578e-01  3.36851478e-01  1.87641576e-01  5.09756088e-01
  1.18210077e-01 -1.08080649e+00  3.29903923e-02 -1.70852572e-01
 -1.03076279e-01  1.51368812e-01 -5.00523567e-01 -7.75707603e-01
 -6.61094338e-02 -1.41859174e-01 -1.27244666e-01 -8.25013816e-02]
