generating neighborhood - rnd
2021-05-06 22:33:02.767706: I tensorflow/stream_executor/platform/default/dso_loader.cc:48] Successfully opened dynamic library libcublas.so.10
2021-05-06 22:33:22.293372: I tensorflow/stream_executor/platform/default/dso_loader.cc:48] Successfully opened dynamic library libcudnn.so.7
Latent space
Real space
(array([0, 1, 2, 3, 5, 6]), array([  2, 145,  49,  11,  70,  23]))
Latent space 2
synthetic neighborhood class counts {'0': 2, '1': 145, '2': 49, '3': 11, '5': 70, '6': 23}
learning local decision tree
retrieving explanation
e = {
        r = { 7 > -0.53, 119 > -0.80, 211 <= -0.30, 168 > -1.20 } --> { class: 1 }
        c = { { 7 <= -0.53 } --> { class: 5 } }
}
1 1 0.7033392564774019
[1]
[[1.4946649e-04 9.9807829e-01 1.7660628e-03 2.2912050e-09 5.9683425e-06
  2.9845867e-07 1.2518046e-08 6.2487232e-10]]
[ 0.13291638  0.8005057   0.45661882  1.0174164  -0.4701496  -0.42632252
 -0.1810152  -0.4021013   0.01765791  0.05425961  0.20489395 -0.9142587
 -0.14449786 -0.35988846 -0.09083863  0.13435633 -0.4235369   0.26356512
  0.59913397 -0.2785461  -1.1121471  -1.047103    0.03569546 -0.626251
  0.18259323  1.1111798   0.6755923  -0.29827705  1.4099815   0.09281228
 -0.09442492  0.326277    0.65157634 -0.15244396 -1.5931516   1.7418865
 -0.09354922 -0.8332563  -0.2734432   0.2649449   1.573257   -0.3615781
 -0.53453565  0.15442863  1.0439497  -1.6959065   1.334498    0.29265535
  0.01692791 -0.53954816 -0.6550668  -0.57022226  0.27093068  0.661632
 -0.8430465  -1.7458086  -0.69124407 -0.39561605 -0.18219239 -1.5174735
  0.7872759  -0.66505843 -1.0097474  -0.84592986  0.40996653 -0.9509973
 -0.17645039  0.4919176  -0.33912653 -0.6259384  -0.58338976 -0.8668028
  0.22476053 -0.55874723  0.42792332 -0.9548433  -0.8627112   1.0919274
 -0.481012    0.37299314  0.33005172 -0.6329416   0.06783476 -0.5429512
 -1.1763114  -3.1182404  -0.8700341   1.3770859  -0.03484482 -1.3822061
 -0.30908835  0.10314333 -0.5721578  -0.27910635  1.0400875   0.00347778
 -0.9750846   0.24675508  0.3729074   0.06070881 -0.59519964 -0.01484428
 -0.18370754 -0.3311588   0.1789327  -1.8318006  -0.5492189  -0.24497879
 -1.2035477  -0.6303235  -0.45901108  0.22239995 -0.02458779  0.5178668
  0.24391274 -0.48596755  0.08609529  0.23027867  0.01712627 -0.05819757
 -0.08579265  0.7469754  -1.2662077   0.5262622  -0.37105718 -0.6998132
  0.19047964 -0.567411   -0.13968074 -0.8433792   1.1190882   1.3874372
  0.84752476 -1.1098813   1.0240811  -0.7958397   0.85937667 -0.07018571
 -0.53727865  2.4496815   0.74464595  1.775795   -1.3210521   0.23863214
  2.2471163  -0.7643975   1.5275961   0.30512404  0.5380914  -1.4451115
  0.20828214  1.5668391  -0.47892848 -0.5819715   1.4924057  -0.41961336
 -0.02738455  0.06812254  0.66094744  0.07436934 -0.64779514  0.59015375
  1.1599264   0.79753715  0.04767259 -0.33288404 -0.6719724   0.47121206
  0.49812138 -1.2299768  -2.1472678   0.88615775 -1.346813    0.30047986
 -0.69357234 -0.17729068 -0.37771076 -0.5494744   0.10081841 -0.02193892
 -0.38190383  1.0367502   0.49118584 -0.52698517 -2.6016817  -0.39757735
  0.456595    0.4631527  -1.9720271   0.46402338 -0.09126252  1.1130186
 -0.49546024  0.36872476  1.3177116   0.24346365 -0.83881396  0.45790774
  2.014558    1.7591062  -0.07302874 -0.60334766  0.39428687 -0.6340568
 -0.7961686   0.34160903  1.581461   -0.23973228 -1.2363917  -1.3803936
  0.2989755  -0.47587088  1.1467828  -1.1005452  -0.22113568  0.5461123
  0.2375409   0.82620096 -1.3278168   0.8132538  -0.37008634  1.247901
  1.1968249  -0.34616402 -1.9086257  -0.59558004 -0.2757554  -1.6835188
  0.49289095 -0.4306947   0.3039431   0.10424392 -0.72944325 -1.2648406
  0.31132188 -0.7895085   0.49978566  0.732179   -0.32070443  1.2156906
  1.4942268   0.6800382  -0.67521596  0.85819     0.3980703  -1.1651591
  0.06045895  0.47748283 -0.25310564 -0.12353708  0.42056623 -1.2447349
 -0.46293157 -0.4147621  -0.8358739   0.03827626]