generating neighborhood - rnd
2021-05-02 16:34:10.330422: I tensorflow/stream_executor/platform/default/dso_loader.cc:48] Successfully opened dynamic library libcublas.so.10
2021-05-02 16:34:17.791848: I tensorflow/stream_executor/platform/default/dso_loader.cc:48] Successfully opened dynamic library libcudnn.so.7
Latent space
Real space
(array([1, 2, 3, 5, 6]), array([41, 18,  4, 26, 11]))
Latent space 2
synthetic neighborhood class counts {'1': 41, '2': 18, '3': 4, '5': 26, '6': 11}
learning local decision tree
retrieving explanation
e = {
        r = { 108 <= 1.64, 7 <= 0.90, 187 <= 0.27, 53 > -0.98, 88 <= 1.23, 2 > 0.98 } --> { class: 1 }
        c = { { 2 <= 0.98 } --> { class: 2 } }
}
1 1 0.8799930415185767
[1]
[[2.1875964e-04 9.9900103e-01 5.6645880e-05 1.6755926e-07 2.3376670e-04
  4.6791544e-04 2.1331020e-05 4.4358347e-07]]
[-0.3423819   1.0129102   1.4282789   1.7949271   0.28316396 -0.27747965
 -0.4826157  -1.361565   -0.09971938 -0.12094487 -0.09297731 -0.7510219
 -0.35990697 -0.884564   -0.9205071   1.1063857   0.24140713  0.2974409
  0.77115005  0.19713832 -1.1310898  -0.77094114 -0.08313839 -0.634303
  0.2856997  -2.8387787  -0.7194466  -0.00928458 -0.59117806 -0.7772499
  0.61536735  1.4855458  -0.30266148  0.25107557 -2.0878692   0.24973813
 -0.08787915  0.06490051 -1.4300075   0.10118042  1.1040232   0.20033172
  1.1277289  -0.08636031 -0.02082764 -1.0836294   1.0961967   0.10210118
 -0.16002965 -0.61196953  0.57222116  0.15649496 -1.7754083   0.67528427
 -0.37750363 -1.1755987   0.4891825  -0.9984784   1.1870606   0.06304339
 -1.1791902  -0.59649444 -1.0051056  -0.2608897  -0.629868   -0.23444964
  0.6197746   0.1465276  -0.514228   -0.28049874  0.07261071 -0.85895634
 -0.6413794   0.0550248  -0.07184649  0.8221306  -1.0005771   0.5776311
  0.3765065  -0.26676813 -1.7468897  -1.0628631  -0.44112828  0.54386723
 -0.527073   -0.9065638   0.15252356  0.08055001 -0.35102475  1.0655763
  0.03018683 -0.7182411  -1.3594437  -0.4341219   0.42481747 -0.84490657
 -0.56236595  0.11286072 -0.7378489  -0.67267627 -0.9663302  -0.9168287
  0.60387266 -0.21700326  0.13563217  1.2604867  -1.1078871  -0.5980434
 -0.79865116 -0.13079727 -0.41717494 -0.11995941  0.44795704  0.0636484
  2.042894   -0.20442249  0.32307616 -0.43962067  0.22002836 -0.6666597
 -1.0705833   0.2594331  -0.7602382   0.5378888  -0.4540965   0.7229792
 -1.7755678   0.36973256 -0.87618846 -1.7823718   0.94956905  0.4836688
 -0.42187333 -0.7667194   0.5791879   0.10516278 -0.558018    0.23186678
  0.8935922   1.736232    0.73199755  2.1027374  -2.2776775  -0.14423203
 -0.24786818  0.06928211 -0.23381844  0.06011412 -1.2801428   0.8212961
  0.3926409   0.49759126  0.45152298 -0.4025824  -0.01106003 -0.40075868
  1.2203518   1.5156069   0.12725562 -0.67990977  1.0728784   0.76998824
 -0.32065126  0.84563565  0.80203575 -0.08278962  0.04536272  0.5257091
  0.27440318 -0.5822844  -1.2819602   0.89900714 -1.1097853  -0.8103427
 -0.68629676 -0.13586748  0.01266167 -0.6685117   1.0591139   0.21162832
  0.15575454  0.09234925 -0.6230769  -0.36470282  1.1577383  -0.409928
  0.94553435  0.6610842  -0.31321132  0.35544214 -0.4948243   1.0140635
  1.1299261  -1.0262111   0.77602816  0.20388728 -0.03858283 -0.6377145
  0.80295295  1.095599    0.12837063 -0.3355811  -0.5564934  -0.2844457
  0.73025835 -0.01045413  0.69699997  0.25142848 -1.0023944  -0.11720954
 -0.53428304 -0.30640295  0.35176098 -0.29875532 -0.17052197  0.25405964
  0.12370183  0.6317857  -1.6457485   0.44338867 -0.37921256  1.2159519
  0.39384362 -0.01472418 -0.01212713 -0.46727625 -0.29356435 -0.9387342
  0.5743339   0.14678973 -0.25635874 -0.12450551  0.24996799  0.71538025
  0.42347413 -1.8336138  -0.16562448  0.40771568  0.5842765   0.8502147
  1.1435062   0.5629446   0.94604146 -0.4484588   1.5203931  -1.6946646
 -0.37672016  0.7780751  -0.6337506   0.0457279   0.5470753   0.31600112
 -0.21837935 -0.86713344 -0.2899974   0.69710517]
