generating neighborhood - rnd
2021-05-02 22:59:21.598158: I tensorflow/stream_executor/platform/default/dso_loader.cc:48] Successfully opened dynamic library libcublas.so.10
2021-05-02 22:59:35.425309: I tensorflow/stream_executor/platform/default/dso_loader.cc:48] Successfully opened dynamic library libcudnn.so.7
Latent space
Real space
(array([0, 1, 2, 3, 5, 6]), array([ 1, 92, 35,  8, 49, 15]))
Latent space 2
synthetic neighborhood class counts {'0': 1, '1': 92, '2': 35, '3': 8, '5': 49, '6': 15}
learning local decision tree
retrieving explanation
e = {
        r = { 1 > -1.98, 211 <= 1.72, 172 <= -0.12, 188 > -1.27, 168 > -0.36, 200 <= 0.37, 39 > 0.30, 162 > -1.00, 113 <= 0.08, 212 > 0.05 } --> { class: 3 }
        c = { { 188 <= -1.27 } --> { class: 1 }, { 172 > -0.12 } --> { class: 1 }, { 113 > 0.08 } --> { class: 1 }, { 200 > 0.37 } --> { class: 1 } }
}
3 3 1.0
[3]
[[0.00349809 0.31162402 0.22141784 0.3457829  0.00255869 0.09384012
  0.00786622 0.01341199]]
[-7.08917439e-01  5.81404492e-02 -1.83730185e+00  8.15527081e-01
  3.15215811e-02 -3.68499428e-01  8.32570076e-01 -4.99193430e-01
  5.70754588e-01  6.06058776e-01  4.23079014e-01 -2.17751265e-01
  7.56865084e-01 -5.73092520e-01 -2.07374111e-01  5.39616585e-01
  2.54662037e-01  5.61240792e-01  2.36035958e-01  1.68541461e-01
 -2.44101167e-01  3.07371855e-01 -3.91639858e-01  2.62065142e-01
 -6.91578329e-01 -1.42305160e+00  1.02221936e-01  7.03514278e-01
 -1.25539649e+00  1.09552598e+00  1.60929918e+00  2.79227436e-01
  1.60375386e-01 -7.21619874e-02 -7.25095198e-02  2.70250857e-01
 -5.17333001e-02 -1.80318624e-01  7.75179148e-01  7.45084643e-01
  1.37369251e+00  5.15952408e-01 -3.31056178e-01 -3.60925883e-01
  4.23205227e-01 -4.80435193e-01  5.54266274e-01 -6.21138513e-03
  6.68415010e-01 -4.75536436e-01  2.38683015e-01 -3.47851634e-01
 -8.75390649e-01 -3.20302039e-01  1.02920151e+00  3.76492180e-02
 -1.50786668e-01  2.90344656e-02  5.87019742e-01 -6.05790317e-01
  6.76734507e-01 -5.29976726e-01 -3.37109715e-01  5.45986235e-01
 -6.06783479e-03 -1.41083807e-01  5.74227512e-01  2.16849327e-01
  8.96174759e-02 -2.35198177e-02  3.20014954e-02 -4.25019205e-01
  3.24755572e-02 -5.57826161e-01  5.88329256e-01  1.20843932e-01
  9.63911042e-02  8.34674001e-01  8.89788508e-01  7.29973093e-02
 -5.36691546e-01  6.21578574e-01 -4.56482321e-01  7.06930339e-01
 -4.74233866e-01  1.84900486e+00 -7.84503043e-01  7.64922857e-01
 -7.24763930e-01  4.31239486e-01 -1.02495968e-01  9.75351632e-02
  1.95805281e-01 -7.99752474e-01  2.56194681e-01 -1.20762348e-01
  6.97850943e-01 -4.93489295e-01 -1.31263703e-01 -7.54953325e-02
 -1.03672862e+00  5.63442782e-02 -1.13398679e-01  4.46497321e-01
  2.04851404e-01 -1.37073767e+00  2.30999038e-01 -3.51898104e-01
 -3.61701161e-01 -6.82482600e-01 -2.97182322e-01 -4.06593591e-01
 -8.60088915e-02 -2.97898054e-01  1.12090027e+00 -6.89678669e-01
 -3.38844478e-01 -1.72091758e+00 -7.60060921e-02  4.77341592e-01
 -2.36995667e-01  7.30530024e-01 -5.44237435e-01 -5.46695888e-01
  2.38837332e-01  1.40324295e-01 -2.16520816e-01 -4.37247664e-01
 -8.84684101e-02  1.26064622e+00  8.50715816e-01  1.55319959e-01
  1.13922799e+00 -6.00802422e-01  2.08494723e-01  2.65380710e-01
  2.32431874e-01 -5.40543813e-03  5.69293238e-02  6.26251280e-01
  7.01814294e-01  6.67981267e-01  3.01341414e-02  4.66088951e-01
  3.05812776e-01 -9.86290157e-01  5.88645577e-01 -5.03706098e-01
  3.52402830e+00 -5.03505290e-01 -1.46386251e-01  1.01216364e+00
 -3.80393475e-01 -4.24512833e-01  1.83135223e+00  6.09454036e-01
 -6.06666923e-01 -1.84576356e+00  1.17075825e+00 -7.23563731e-01
  8.49318862e-01  9.04926211e-02 -1.24238610e+00  6.15964651e-01
  9.98541951e-01  1.00324355e-01  3.42271566e-01  5.40228903e-01
  5.76973319e-01 -3.19686502e-01  2.95530111e-02 -6.04227483e-01
 -7.93627799e-01 -6.98657632e-01 -5.79547882e-01 -2.54924327e-01
 -2.26361677e-01  7.23075509e-01 -5.85455716e-01  8.60322043e-02
  1.92064077e-01  2.11476073e-01  8.01780343e-01  2.63087004e-01
  7.48772442e-01  1.44774795e-01 -1.05093372e+00 -7.72975087e-02
 -8.24607730e-01 -2.89019853e-01  6.43030941e-01  3.96799505e-01
 -1.68336838e-01 -4.02237773e-01  8.24442387e-01 -6.13355935e-02
  1.28040463e-03  2.50379115e-01  1.33379710e+00  4.97269928e-01
 -5.01872301e-01  2.01962203e-01 -1.08390558e+00  2.20608801e-01
 -7.43759811e-01  1.45189986e-02  1.25759053e+00  7.56477416e-01
 -1.35816646e+00 -2.55832851e-01 -2.57502258e-01 -2.59404093e-01
 -5.11547565e-01 -2.47450814e-01 -1.33167669e-01  3.52890670e-01
 -1.02150336e-01 -4.58685070e-01 -1.06672442e+00  4.48965043e-01
  3.06108862e-01  3.11377943e-01  7.92219102e-01  6.06147885e-01
 -2.05846667e-01 -2.80524760e-01 -6.25359654e-01 -9.40781653e-01
 -2.69733220e-01  3.77706915e-01 -9.62745607e-01 -4.04444486e-01
 -6.17014468e-02  2.33725846e-01  2.29785785e-01 -1.19802582e+00
 -8.46306860e-01  2.40007892e-01 -4.57242042e-01  4.42608595e-02
 -1.14898324e-01  6.83757961e-01  5.08944571e-01 -1.78387016e-01
  5.93315542e-01 -5.52637815e-01  3.66084613e-02  5.95391095e-01
 -7.23681927e-01 -4.02163267e-02  1.16301072e+00 -1.10468793e+00
  4.43450272e-01  2.76247025e-01 -4.31092560e-01  6.74979746e-01]
