generating neighborhood - rnd
2021-05-06 22:35:50.655001: I tensorflow/stream_executor/platform/default/dso_loader.cc:48] Successfully opened dynamic library libcublas.so.10
2021-05-06 22:36:10.128379: I tensorflow/stream_executor/platform/default/dso_loader.cc:48] Successfully opened dynamic library libcudnn.so.7
Latent space
Real space
(array([0, 1, 2, 3, 5, 6]), array([  2, 145,  49,  11,  70,  23]))
Latent space 2
synthetic neighborhood class counts {'0': 2, '1': 145, '2': 49, '3': 11, '5': 70, '6': 23}
learning local decision tree
retrieving explanation
e = {
        r = { 7 > -0.53, 119 > -0.80, 86 > -1.86, 211 > -0.30, 102 > -0.76, 137 <= 1.02 } --> { class: 1 }
        c = { { 7 <= -0.53 } --> { class: 5 } }
}
1 1 0.7833380038169059
[1]
[[6.2521249e-05 9.9993610e-01 6.6461958e-08 7.0064543e-13 6.9017425e-08
  1.5389959e-06 1.3187922e-11 9.6451779e-12]]
[-1.50431365e-01  3.88544589e-01  4.89411443e-01  1.50039673e+00
  1.35478497e-01 -2.52325714e-01 -1.00658941e+00 -7.92745426e-02
  1.18349016e-01  7.11186767e-01  5.43788970e-01 -1.61753654e-01
 -2.35227242e-01 -8.85048211e-01  3.02389950e-01 -5.25168851e-02
 -3.40056419e-01  5.68565965e-01  5.57576776e-01  3.82299364e-01
 -4.74075973e-01 -5.08122861e-01 -2.78964788e-01 -4.68589038e-01
  3.23396891e-01  1.63345134e+00  1.42072463e+00 -9.27959308e-02
  1.34756756e+00  4.05059814e-01 -2.27169976e-01 -1.41202211e-01
  4.97141093e-01 -3.85493994e-01 -3.12624484e-01  1.20206749e+00
 -4.56197351e-01 -4.05977726e-01  6.53251290e-01  7.00979710e-01
  1.22832251e+00  3.20355445e-01 -1.05393164e-01 -9.34920192e-01
  9.73336041e-01 -2.72273988e-01  8.29167902e-01 -1.44936249e-01
  3.41743410e-01 -8.94561112e-01  6.52096093e-01 -4.63905096e-01
  1.37959063e+00  1.02073207e-01 -9.00209069e-01 -1.23662198e+00
 -8.26979101e-01 -8.38466704e-01  1.98844999e-01 -4.95127141e-01
  2.67695546e-01  1.23647042e-01 -8.72107506e-01 -1.14092469e+00
 -2.16301799e-01  3.10874820e-01  1.07158375e+00  1.18821681e+00
 -1.34716898e-01 -1.37664184e-01 -8.24662566e-01 -4.94179845e-01
 -4.81709838e-01 -4.68825430e-01  3.81503910e-01 -7.29988754e-01
 -1.05533493e+00  1.13341820e+00  9.73390937e-02  3.72750491e-01
  1.05045247e+00 -5.19229650e-01  1.68861762e-01 -6.80474102e-01
  8.48198533e-02 -2.31126785e+00 -9.13251162e-01  1.23600259e-01
  1.72439814e-01 -1.02823353e+00  3.22965086e-01 -2.48209834e-02
 -7.17733085e-01 -3.86132538e-01  8.74224722e-01 -8.13638449e-01
 -4.07187611e-01 -3.78868103e-01 -4.16550457e-01 -1.22365698e-01
 -1.60766816e+00 -5.22258818e-01 -5.74379086e-01 -7.10267186e-01
 -1.18510991e-01 -1.75671470e+00 -1.09585583e+00 -2.89357603e-01
 -5.46572745e-01 -9.81128693e-01 -1.33766737e-02  1.68417379e-01
 -2.75805116e-01 -3.34742740e-02  2.72198915e-01 -7.96755731e-01
 -1.71529919e-01  2.55280316e-01 -2.35770985e-01  2.20814109e-01
  1.69474348e-01  4.25917685e-01 -1.11456335e+00 -6.58303648e-02
 -3.24690253e-01 -3.03707510e-01  5.81294298e-05 -3.14257503e-01
 -2.34878987e-01 -4.98957902e-01  6.10445261e-01  1.87307644e+00
  2.01448417e+00 -7.03784451e-02  2.64984906e-01 -4.91404146e-01
  5.35285830e-01 -3.95586789e-02 -9.65777099e-01  1.32136893e+00
  1.17596769e+00  1.11268592e+00 -1.90332913e+00  7.15029478e-01
  1.71671200e+00 -8.22520018e-01  2.06731725e+00 -4.55538779e-02
  6.17963493e-01 -1.15601671e+00  1.03060782e-01  1.16278458e+00
  3.70000392e-01 -2.95249224e-01  1.63774157e+00  1.18255792e-02
 -6.86021507e-01  1.18257999e+00  6.02796823e-02 -1.97246313e-01
  1.93340749e-01  1.30928919e-01  3.18253338e-01  1.04113865e+00
  3.95824373e-01 -2.81796634e-01 -1.97708473e-01  3.30752641e-01
  7.09850252e-01 -5.81749737e-01 -3.15196133e+00  9.17753339e-01
 -5.42337656e-01 -3.16547342e-02 -7.45743394e-01 -6.41237259e-01
 -1.01275957e+00 -1.82982117e-01 -1.18255056e-01  6.88697100e-01
 -1.18871963e+00  6.71549082e-01  7.25989044e-01  4.53017391e-02
 -1.82340360e+00 -4.74935263e-01  7.10478544e-01  9.62436736e-01
 -2.16866302e+00  4.21085149e-01 -6.99749738e-02  1.14371121e+00
 -8.56434464e-01  4.83708642e-02  1.26536399e-01  5.33116877e-01
 -1.04392493e+00  9.81013000e-01  1.74361062e+00  1.27990949e+00
 -3.50769848e-01 -7.71219611e-01  1.14707685e+00  1.74915403e-01
 -6.89056277e-01  9.10747111e-01  1.29886937e+00 -3.35324407e-02
 -1.00412798e+00 -1.37161350e+00  2.02716768e-01 -6.97516948e-02
  1.37303352e+00 -8.94348741e-01  7.60682344e-01  7.18823195e-01
 -1.53682888e-01  6.63911104e-02 -5.44615805e-01  1.74959332e-01
 -7.34021068e-02  1.23330474e+00  7.18319416e-01  6.07446074e-01
 -1.79137290e+00  2.11739078e-01 -4.60685372e-01 -9.55529213e-01
  6.06684625e-01  9.45556760e-01  1.41286540e+00 -7.21982241e-01
 -8.32013965e-01 -7.96007812e-01 -6.68454885e-01 -4.61431533e-01
  6.33905709e-01  5.33722103e-01 -1.37586534e-01  1.30111265e+00
  1.83702469e+00 -1.39074489e-01 -2.32396290e-01  3.97838652e-01
  1.17661655e+00 -1.02013683e+00  1.05658114e+00  1.96188197e-01
 -6.19540960e-02 -5.43857515e-01 -4.05108333e-01 -5.03163338e-01
 -1.34457067e-01  1.00776196e+00 -4.52091157e-01  1.82033315e-01]
