generating neighborhood - rnd
2021-05-02 16:29:11.079741: I tensorflow/stream_executor/platform/default/dso_loader.cc:48] Successfully opened dynamic library libcublas.so.10
2021-05-02 16:29:18.610789: I tensorflow/stream_executor/platform/default/dso_loader.cc:48] Successfully opened dynamic library libcudnn.so.7
Latent space
Real space
(array([1, 2, 3, 5, 6]), array([41, 18,  4, 26, 11]))
Latent space 2
synthetic neighborhood class counts {'1': 41, '2': 18, '3': 4, '5': 26, '6': 11}
learning local decision tree
retrieving explanation
e = {
        r = { 7 > -0.56, 47 <= 0.56, 225 > -0.79, 255 <= 0.22, 136 <= 0.68, 49 <= 0.24, 157 <= 1.26 } --> { class: 1 }
        c = { { 7 <= -0.56 } --> { class: 2 } }
}
1 1 0.9899995556106983
[1]
[[5.88804360e-05 9.99887466e-01 2.21963978e-06 4.89932406e-09
  4.72152096e-05 4.28295016e-06 3.08914583e-09 1.20576065e-08]]
[-0.04163731  1.0289433  -0.1457501   1.7587442   0.10296477 -0.54252255
 -0.92086065 -0.12343142  0.5141904   0.8018652   0.7070175  -0.8220582
 -1.4051015  -1.0142708   0.3216272   0.45348296  0.07920837  0.76717556
  0.8761278   1.1836493  -0.8799552  -0.50659263  0.17254677 -0.49517915
  0.9595331  -3.2004986   0.63740486  0.14657424 -0.46949035 -0.34211934
  0.16085576  0.5489003  -0.384322   -0.14785838 -0.64499193 -0.815664
 -0.27911407 -0.05460796  0.47241226  0.81981254  1.5634816   0.37177297
 -0.32689178 -1.2996912   0.9943409  -0.6996561   1.1696435  -0.47594666
 -0.03794692 -0.17694427  1.2303373   0.21710648 -1.7309237   0.9657601
 -0.00334452 -1.4239421  -1.7982197  -1.8830302   1.461477   -1.3727045
 -0.31407675 -0.08534866 -1.0047058  -0.828973   -0.4133912   0.73575634
  1.3771788   1.0315346  -0.17558195 -0.4006092   0.38406706 -0.736084
 -1.3359394  -0.5465956   0.06937668 -1.2420242  -1.297673    1.5008419
  0.4227178   0.45285708  0.20129228 -2.062333   -0.4978389   0.57328695
 -0.03606002 -0.12099046 -0.17619836  0.36060953 -1.5373594   2.143548
 -0.07535876  0.69629276 -1.8780816  -0.70969313  0.93551064 -0.6694665
 -0.63159543 -0.45187148 -1.7684551  -0.9496445  -2.550696   -0.9446692
 -0.87213254 -0.45530415 -0.8912072   0.7299166  -1.1932876  -0.35894987
 -0.17480093 -1.5474358  -0.86221284  0.39151764 -0.09345499 -0.14981915
  1.1485745  -1.3647014   0.42599216 -0.61180854 -0.38935682  0.2833792
 -0.06010786  1.0516723  -1.3218306  -0.08731144 -0.10772289  0.17257732
 -2.5762317  -0.44043973 -0.9863793  -1.488811    0.89025456  0.90822715
 -0.49931794 -0.42758226  0.3993677   0.23395446  0.31761968  0.25945482
  0.8972821   1.3069408   1.4336836   2.2668147  -2.4382973   1.1694854
 -1.7881489  -0.04036825  0.58689374 -0.48836184 -1.5026505   0.7371995
  0.9097347   1.549042    0.16083656 -0.1236113   0.58471096  0.12348342
  0.94412243  1.4584461  -0.05252391 -0.43651778  0.46511486 -0.43438825
 -0.705759    1.7716483   1.7036161  -1.0217456   0.1877523   0.08811694
  1.0988148  -0.7118646  -1.1332192   1.5648925  -0.57053673 -0.07989553
  0.725468   -0.6338962  -1.1726246  -0.40425873  0.3569746  -0.5720563
  0.9135576   0.9492071   1.0051181   0.43905157  0.18021697 -0.7793639
  0.4733006   0.58060575 -1.1108714   0.73455685 -0.41101626  1.219583
  0.94736123  0.08266082  0.6030429   0.78773415 -1.348883   -0.69823253
  2.4647384   0.7516458  -0.5638955  -1.1350453   0.5059695  -0.37283015
  0.97917944  1.4368483   0.8850798  -0.67601043 -2.416784   -1.5506455
  0.16801794 -1.0184455   0.17229593 -1.1498505  -1.2431877   0.4460615
 -0.08415956 -0.60650283 -0.9253785  -0.09250453 -0.44222966  1.8480139
  1.3941615   1.1549779  -0.05012912  0.7336285  -0.4324079  -1.2606705
  0.36073115  1.4792966   0.4732442  -0.82642406 -0.5770478  -0.26872963
 -0.4895205  -1.8524905  -0.04772506  1.1201257   0.05989619  1.3997006
 -0.4750809   0.41180182  1.396684   -0.22152804  1.667675   -1.8716474
  1.5390735   0.73987204 -0.45469865 -0.6978357  -0.5081928  -0.8808562
 -0.16234842  1.0999223  -1.1296521   0.33455303]
