generating neighborhood - rnd
2021-05-02 16:10:09.253521: I tensorflow/stream_executor/platform/default/dso_loader.cc:48] Successfully opened dynamic library libcublas.so.10
2021-05-02 16:10:16.766409: I tensorflow/stream_executor/platform/default/dso_loader.cc:48] Successfully opened dynamic library libcudnn.so.7
Latent space
Real space
(array([1, 2, 3, 5, 6]), array([41, 18,  4, 26, 11]))
Latent space 2
synthetic neighborhood class counts {'1': 41, '2': 18, '3': 4, '5': 26, '6': 11}
learning local decision tree
retrieving explanation
e = {
        r = { 7 > -1.01, 99 <= 0.07, 225 > -0.75, 255 <= -0.02, 238 > 0.15, 137 <= -0.14 } --> { class: 1 }
        c = { { 7 <= -1.01 } --> { class: 2 } }
}
1 1 1.0
[1]
[[8.2820246e-04 9.9900913e-01 1.8129083e-06 6.0890959e-11 1.6099388e-04
  1.3973416e-08 9.5806019e-12 1.0590898e-10]]
[-7.4544621e-01 -4.2573798e-01 -4.3043691e-01  1.7556028e+00
 -3.8931212e-01 -3.5807443e-01 -4.4824499e-01 -7.3812008e-01
  6.4781851e-01 -2.6997218e-01  7.1908098e-01 -1.4917986e+00
 -6.1713111e-01 -1.0386350e+00 -7.1213388e-01  4.0472192e-01
  4.5696083e-02  6.3836473e-01  1.0569303e+00  7.3174059e-01
 -8.8087809e-01 -4.8676392e-01  5.3659469e-01 -7.1590346e-01
  1.1822507e+00 -3.1754298e+00  4.8531508e-01  1.7845736e-01
 -4.4477469e-01 -1.8307036e-01  1.0920459e-01  3.8286892e-01
 -6.1265483e-02 -4.2308992e-01 -1.5867304e+00  1.6240643e-01
 -9.8813909e-01 -1.2833643e+00 -4.2152140e-01  5.6812114e-01
  1.0439771e+00 -1.7419090e-02  9.3359672e-02  2.9473239e-01
  1.1491668e+00 -1.6081322e+00  1.7120539e+00 -4.2693010e-01
  4.7935399e-01 -5.3307921e-01 -7.5291179e-02  4.2812079e-01
 -2.3099608e+00  9.9064493e-01 -2.3193665e-01 -1.5003717e+00
 -6.9815385e-01 -8.6156452e-01  1.1896768e+00 -1.4475583e+00
  2.6081127e-01 -8.7992197e-01 -7.1246248e-01 -1.0034419e+00
 -6.4523667e-01 -5.8473978e-02  6.5507281e-01  1.3122331e+00
 -4.6064198e-01 -5.4733646e-01  3.3901274e-01 -4.2500061e-01
 -8.9760393e-01 -1.0047050e+00  2.4435805e-01 -5.8986163e-01
 -1.2504451e+00  1.1411000e+00  2.4765232e-01  7.3870115e-02
 -9.0563692e-02 -1.0812643e+00  5.9985292e-01  3.7851831e-01
 -1.4272718e+00 -4.5247629e-01 -7.1481061e-01  4.7298077e-01
 -1.8105736e+00  1.7990252e+00  2.6765037e-01  6.2087196e-01
 -1.3246827e+00 -6.0593724e-01  7.1744066e-01 -5.3696841e-01
 -2.0508131e-01 -5.1985252e-01 -1.1048570e+00 -5.0509083e-01
 -1.3395479e+00 -5.3977215e-01  3.4676558e-01  9.9816918e-04
 -7.0576817e-01  4.9920577e-01 -8.5491872e-01 -6.0658342e-01
 -2.5433454e-01 -9.2742968e-01 -5.8729029e-01  8.3815944e-01
 -2.4769081e-01  6.5437430e-01  1.3880987e+00 -5.2948385e-01
  5.4824239e-01 -4.9734429e-01 -2.0268527e-01 -1.5835729e-01
 -3.5319519e-01  5.7598585e-01 -1.3956265e+00  6.8603164e-01
 -2.3491827e-01 -6.6955769e-01 -1.0731483e+00 -1.5297979e-02
 -1.5588766e-01 -1.6294438e+00  1.2586871e+00  5.5127609e-01
 -1.0226738e+00 -5.9772128e-01  3.6747402e-01 -7.0035607e-01
  8.0943257e-02 -4.8410144e-01  5.1094747e-01  1.5004975e+00
  1.1425178e+00  1.7526826e+00 -2.1446972e+00 -6.4564608e-02
 -7.6525056e-01  1.4323716e-01  6.3806422e-02 -6.5764862e-01
 -7.1680915e-01  7.2792339e-01  2.9054427e-01  1.7232544e+00
  7.7964127e-02 -1.8772796e-01  1.3394446e+00 -4.6467487e-02
  1.3258953e+00  1.6650763e+00  2.0383531e-01 -4.9899936e-01
 -7.7740389e-01  1.8711463e-02 -6.2744617e-03  1.7740328e+00
  7.0744830e-01 -3.3134334e-03 -2.8938341e-01  7.2028548e-01
  1.0139024e+00 -1.2353060e+00 -9.8991412e-01  9.2965174e-01
 -7.9698896e-01 -1.6921461e-01  5.9041005e-01 -1.6141260e-01
 -7.5463611e-01 -8.7970719e-02  4.1953936e-02 -7.6366997e-01
  1.5847693e-01  9.2140734e-01  8.8407326e-01 -2.6503347e-02
  1.9602180e-01  3.9944586e-01  7.0009696e-01  4.6910235e-01
 -4.9550217e-01  4.6733612e-01 -4.3584667e-02  2.1911128e+00
  5.0378335e-01 -9.0164199e-02  8.3200532e-01  4.5860458e-02
 -1.2064664e+00 -8.7668955e-02  1.5854580e+00  1.1598407e+00
 -2.4972552e-01 -8.9518368e-02 -2.2992516e-01 -3.0916074e-01
  1.4002047e+00  3.5206246e-01  4.8738584e-01 -1.0689851e-01
 -3.9132148e-01 -9.7529185e-01  8.1396294e-01 -5.4188335e-01
  1.5759751e-01 -2.0694246e+00 -1.8377013e+00  6.2397039e-01
 -1.0518310e-01 -1.5073968e-01 -8.3513737e-01 -3.2060575e-01
 -7.4658400e-01  1.2202920e+00  9.0990263e-01  4.3410063e-01
 -1.1583288e-01  6.6008794e-01 -1.0092965e+00 -1.8290660e+00
  3.7107110e-01  9.2695367e-01  2.0875388e-01 -3.9394787e-01
 -9.1800916e-01 -2.3750596e-01 -3.7974590e-01 -1.5515550e+00
 -4.4272372e-01  6.9432694e-01  1.3682871e-01  1.1504626e+00
 -2.4643999e-01  6.8037862e-01  9.5616668e-01  1.8785010e-01
  1.2084545e+00 -1.1573193e+00  3.4696716e-01  5.6575054e-01
 -5.7076091e-01  2.7549377e-01  3.9642727e-01 -2.0910095e-01
 -3.9371184e-01  1.5839145e-02 -2.0351002e-01  1.4253412e-01]
