generating neighborhood - rnd
2021-05-05 04:01:51.877218: I tensorflow/stream_executor/platform/default/dso_loader.cc:48] Successfully opened dynamic library libcublas.so.10
2021-05-05 04:02:07.862000: I tensorflow/stream_executor/platform/default/dso_loader.cc:48] Successfully opened dynamic library libcudnn.so.7
Latent space
Real space
(array([0, 1, 2, 3, 5, 6]), array([  2, 117,  41,  10,  61,  19]))
Latent space 2
synthetic neighborhood class counts {'0': 2, '1': 117, '2': 41, '3': 10, '5': 61, '6': 19}
learning local decision tree
retrieving explanation
e = {
        r = { 7 > -0.53, 93 <= 0.37, 47 <= 0.58, 119 <= -0.25, 11 > -0.16 } --> { class: 5 }
        c = { { 93 > 0.37 } --> { class: 1 }, { 47 > 0.58 } --> { class: 1 }, { 11 <= -0.16 } --> { class: 1 } }
}
5 5 0.6440006278078861
[5]
[[1.0096024e-06 5.7020403e-05 4.6398150e-06 3.6569714e-10 6.1218752e-06
  9.9993086e-01 1.2499192e-09 3.4796420e-07]]
[ 1.03589758e-01  8.03532779e-01 -8.85760784e-02  6.67773902e-01
 -8.62913132e-01 -4.93509948e-01  2.16208279e-01 -2.85197437e-01
 -4.22434419e-01  3.50804955e-01  8.34135771e-01 -3.59938979e-01
 -5.73741436e-01 -8.51349354e-01 -3.63370687e-01  2.36054122e-01
 -1.77743629e-01 -2.09906077e+00  2.90604979e-01  3.80802155e-01
 -3.16522777e-01 -1.48982930e+00 -6.68366700e-02 -6.97342992e-01
 -8.18560123e-02  3.09945965e+00  4.50942665e-01 -7.55286440e-02
 -2.11860991e+00  2.89794564e-01  9.63722169e-01  4.88644421e-01
  1.74273205e+00 -1.60050139e-01 -3.66099119e-01 -2.49762964e+00
 -4.73498315e-01 -6.36986673e-01  3.44011635e-01  9.96125340e-01
  2.11075091e+00 -3.15819830e-02 -5.01235962e-01 -6.83776617e-01
  1.28883410e+00 -4.32693601e-01  1.28444874e+00  4.79542434e-01
 -1.28134340e-01 -9.82048869e-01  1.16578305e+00 -6.82362735e-01
  5.55108190e-01  1.08746564e+00  1.51772940e+00  3.26104134e-01
 -9.32986498e-01 -5.53639352e-01  8.84162068e-01 -5.08932114e-01
  2.62886453e+00 -2.87467271e-01 -5.25197983e-01  1.21420586e+00
  2.95504630e-02 -4.62837219e-01  4.45534855e-01  1.19831479e+00
 -5.58952928e-01  1.83949351e-01  1.50296843e+00  1.66234052e+00
 -1.21137059e+00 -1.39865565e+00 -6.27959490e-01 -6.07308984e-01
 -6.80641770e-01  7.47135282e-01 -3.26425523e-01  4.00719196e-01
  5.90946794e-01  7.70648479e-01  2.27472082e-01  5.31041801e-01
 -5.48542440e-01  1.80837512e-01 -1.63767368e-01  3.55232716e-01
 -1.27747345e+00 -8.63316536e-01  3.44188809e-01 -1.24923182e+00
 -7.44664252e-01 -7.79640973e-01  5.24205267e-01 -5.81748188e-02
 -2.07908893e+00  3.59762132e-01  9.27807093e-02 -4.33172613e-01
 -9.87288773e-01 -1.87721238e-01  2.95843452e-01 -1.35018289e+00
 -1.42519459e-01  1.62675008e-01 -6.29825592e-01 -3.26759785e-01
 -5.77262282e-01 -1.19665611e+00  2.87498862e-01  2.86372840e-01
 -1.97542295e-01  5.06982684e-01 -6.44418597e-02  4.55722511e-02
  3.77433747e-01  2.03464091e-01  4.77573752e-01 -2.84251839e-01
 -1.04098022e-02  4.63522114e-02 -7.03485072e-01 -2.43984073e-01
  1.99252293e-02 -7.72445619e-01 -8.80764544e-01 -6.31525993e-01
 -5.81797600e-01 -6.14511847e-01  3.98697317e-01  1.30659252e-01
 -2.89946079e-01 -1.08700347e+00 -8.58448967e-02 -2.84808099e-01
  6.27760887e-01 -1.06794231e-01  5.77534854e-01  9.86617684e-01
  9.34555829e-01  1.11332023e+00 -2.66258895e-01  9.76411402e-02
 -6.54824853e-01  1.34765673e+00 -1.26900101e+00  4.60321084e-02
  3.37770700e+00  2.70894200e-01  4.72711027e-01  5.36893487e-01
  2.06864849e-01 -1.96892291e-01 -6.51607871e-01  2.07487658e-01
  2.76560247e-01  6.18700862e-01 -1.13001972e-01 -6.46420896e-01
 -5.92828766e-02  3.55930865e-01 -1.35387945e+00  2.35727787e+00
  6.38565958e-01  1.22200832e-01 -2.65269101e-01  4.85900581e-01
  9.30200577e-01 -9.42687511e-01 -1.54687130e+00  1.24592853e+00
 -5.00846446e-01 -6.48472309e-01  4.83910978e-01 -3.96191537e-01
 -8.38908434e-01 -8.51357281e-02 -7.33405828e-01  1.98373187e+00
 -1.44495308e+00  2.96439882e-02 -7.49807358e-02  1.27255633e-01
 -7.39063144e-01 -4.92177337e-01 -4.59258556e-02  1.82767248e+00
 -3.43398452e-02  6.64678693e-01 -5.26700199e-01  1.50867629e+00
 -3.62568319e-01  4.74940658e-01  9.12884295e-01 -3.46609950e-03
 -3.83594871e-01  1.54834628e+00  8.67978454e-01  3.69339883e-01
  5.51524043e-01  3.72238326e+00  1.62721086e+00  1.35729456e+00
 -1.99186966e-01  2.50511408e-01  9.84413624e-01 -4.99241501e-01
 -1.25279057e+00 -7.92567194e-01  4.66796249e-01 -3.98741096e-01
  3.75898957e-01 -4.79553074e-01 -1.14325178e+00  1.11550808e-01
 -3.28987509e-01  8.54645610e-01 -1.23860741e+00  4.63269681e-01
 -1.03904158e-01  1.29772258e+00 -2.13947743e-02  7.45222569e-02
 -2.52890527e-01 -1.68097958e-01 -4.27144736e-01 -4.80971038e-01
 -1.11848675e-01  1.00018072e+00 -2.27757335e-01 -2.17884660e-01
 -1.59263897e+00 -3.58833432e-01  2.20006913e-01 -9.93118525e-01
 -1.54570699e+00  7.95003593e-01  1.66104257e-01  4.60721791e-01
 -2.84147978e-01  4.43426132e-01  6.39127195e-01 -1.24734700e-01
  1.14694107e+00 -7.81893194e-01  8.41318250e-01  2.88806677e-01
 -2.90788740e-01 -6.00581050e-01  5.77017128e-01 -1.03838944e+00
 -4.44218487e-01 -8.36315900e-02 -2.46154800e-01  1.72946775e+00]
