generating neighborhood - rnd
2021-05-06 22:02:41.060811: I tensorflow/stream_executor/platform/default/dso_loader.cc:48] Successfully opened dynamic library libcublas.so.10
2021-05-06 22:02:54.621834: I tensorflow/stream_executor/platform/default/dso_loader.cc:48] Successfully opened dynamic library libcudnn.so.7
Latent space
Real space
(array([0, 1, 2, 3, 5, 6]), array([ 1, 93, 35,  7, 49, 15]))
Latent space 2
synthetic neighborhood class counts {'0': 1, '1': 93, '2': 35, '3': 7, '5': 49, '6': 15}
learning local decision tree
retrieving explanation
e = {
        r = { 35 > 0.32, 148 > -1.11, 95 > -0.99, 67 <= 1.17 } --> { class: 1 }
        c = { { 67 > 1.17 } --> { class: 5 } }
}
1 1 0.6250144071343365
[1]
[[1.05572044e-05 9.99986649e-01 8.16385040e-08 1.70008918e-13
  2.87171792e-06 1.00532485e-10 4.34423737e-13 1.31494289e-13]]
[-3.77354443e-01  4.94434983e-01 -1.12710333e+00  6.80059612e-01
 -5.85803688e-01 -4.22549307e-01  1.13496947e+00 -5.94493389e-01
  7.47535050e-01  7.35816285e-02  5.27859151e-01 -1.20727921e+00
  6.05670214e-01 -3.27062309e-01 -4.98530567e-01  4.57867324e-01
 -1.91833675e-01  9.52807128e-01  7.67189860e-01 -5.42222261e-01
 -1.07092285e+00  2.41683722e-01 -7.88179338e-02  5.50702035e-01
 -1.31055713e-02 -2.19664764e+00  6.28518999e-01  1.88345253e-01
 -1.37537193e+00  1.21076810e+00  7.98195899e-01  4.69740421e-01
  6.52003467e-01  7.51860514e-02 -1.41725886e+00  9.56617713e-01
 -2.22123787e-02 -8.44577491e-01 -3.71733427e-01  6.66446924e-01
  1.77341974e+00 -3.25379930e-02 -2.84107953e-01  3.97959769e-01
  1.07422996e+00 -1.59835792e+00  1.57589269e+00  1.16911307e-02
  4.30895627e-01 -8.73329043e-01 -4.65526164e-01 -3.25959831e-01
 -9.22134757e-01 -5.06950974e-01  1.41763103e+00  7.74788111e-03
 -3.89168352e-01  2.72194862e-01  9.02482867e-01 -1.33748925e+00
  1.78785539e+00 -6.08940244e-01 -1.10531521e+00  1.05003908e-01
  1.22410104e-01 -3.33242118e-01  4.93248850e-01  6.85813904e-01
 -5.62769353e-01 -8.02122116e-01 -5.88467717e-03 -1.17234275e-01
 -2.43282750e-01 -1.46333361e+00  1.05743885e+00 -5.85001349e-01
 -8.41631114e-01  5.79675734e-01  3.02522421e-01  3.37494254e-01
 -7.29101673e-02  6.14304602e-01  5.40827572e-01 -4.03643847e-02
 -1.47610712e+00  1.56260586e+00 -6.51869893e-01  8.11657369e-01
 -9.62650120e-01  5.98680794e-01  1.95309266e-01  2.17906445e-01
 -6.95175171e-01 -5.76362014e-01  1.20984495e+00  2.96576768e-02
  6.07245803e-01  1.16139583e-01  3.52654815e-01  5.71936890e-02
 -9.07482743e-01 -3.07826221e-01  2.91399777e-01  6.29577696e-01
 -2.15239644e-01 -1.85781419e+00  6.50579333e-02  1.46106616e-01
 -1.23665142e+00 -1.01367056e+00 -6.96763456e-01  1.75351053e-01
  7.38878101e-02  4.55339849e-01  1.22381079e+00 -9.56461906e-01
  6.27052188e-01 -2.05884027e+00  1.12363741e-01 -4.58148330e-01
 -1.25421226e-01  4.16667670e-01 -1.30738270e+00  7.75612831e-01
 -1.43517196e-01 -6.48010314e-01 -4.74133343e-02 -2.81771988e-01
  4.80190635e-01  4.46181059e-01  1.37379563e+00  2.60289162e-01
  6.33055389e-01 -9.55052912e-01  4.86040413e-01 -6.78862035e-01
  9.02633071e-01 -4.61536765e-01 -7.50622619e-03  1.20960855e+00
  8.38788271e-01  1.74988103e+00 -3.01907957e-01  1.28448695e-01
  1.63337433e+00 -8.57032776e-01  3.68303597e-01  2.54399180e-02
  3.98517299e+00 -1.09345114e+00  2.17624441e-01  1.45921528e+00
 -3.01813394e-01 -6.69074118e-01  2.83897161e+00 -5.14177740e-01
 -1.61361039e-01 -1.00385153e+00  1.86556494e+00 -5.24927795e-01
 -4.42318887e-01  4.97917354e-01 -8.92793715e-01  1.47322345e+00
  6.16459727e-01 -6.63921833e-02 -7.56015956e-01  5.93432963e-01
  7.98207581e-01 -1.19109154e+00 -3.66224855e-01  1.31725758e-01
 -1.04542410e+00  8.29422846e-03 -5.75702190e-02 -2.56156713e-01
 -7.28809357e-01  6.58605278e-01 -7.79151469e-02 -6.69906437e-02
  3.89562428e-01  5.49461424e-01  8.71714413e-01 -5.62571049e-01
 -5.01443148e-02 -2.42942154e-01 -2.39923906e+00 -3.42153132e-01
 -1.85308605e-01  2.92126358e-01 -2.16002688e-01  1.56310701e+00
  1.86333269e-01 -7.91288465e-02  1.27072573e+00  2.31123924e-01
 -4.26014483e-01  7.37389207e-01  1.62626839e+00  8.28549564e-01
 -4.57275361e-01  4.86173183e-01 -1.06193423e+00 -4.43233550e-01
 -7.09969878e-01  1.99831501e-01  1.65082264e+00  2.25394368e-01
 -9.78413761e-01 -1.44819319e+00  5.30541480e-01 -8.10564697e-01
 -3.70569617e-01 -9.81707931e-01 -8.37278187e-01  9.10911441e-01
 -1.14099763e-01 -2.91174918e-01 -1.24807370e+00  3.98137659e-01
 -6.71250150e-02  6.27232850e-01  6.88402474e-01 -2.58272260e-01
 -5.47730803e-01  7.92526305e-02 -8.73001575e-01 -1.53072143e+00
 -1.41773373e-03 -2.22813860e-01 -2.13633513e+00  1.16200894e-02
 -4.05297816e-01 -1.02085984e+00  6.90927207e-01 -6.45527661e-01
 -9.84254241e-01  4.93968427e-01  1.48834214e-01 -1.22177988e-01
 -4.42486495e-01  3.31405729e-01 -1.61204979e-01  4.91595387e-01
  3.87418002e-01 -7.73513377e-01 -1.38777476e-02 -8.74232054e-02
 -5.14509141e-01  2.16084495e-01  1.07534742e+00 -8.11169803e-01
 -2.87385285e-01 -2.50872761e-01 -3.43891501e-01  7.80407637e-02]
