generating neighborhood - rnd
2021-05-06 22:06:17.169422: I tensorflow/stream_executor/platform/default/dso_loader.cc:48] Successfully opened dynamic library libcublas.so.10
2021-05-06 22:06:36.537881: I tensorflow/stream_executor/platform/default/dso_loader.cc:48] Successfully opened dynamic library libcudnn.so.7
Latent space
Real space
(array([0, 1, 2, 3, 5, 6]), array([  2, 145,  49,  11,  70,  23]))
Latent space 2
synthetic neighborhood class counts {'0': 2, '1': 145, '2': 49, '3': 11, '5': 70, '6': 23}
learning local decision tree
retrieving explanation
e = {
        r = { 7 > -0.53, 119 > -0.80, 211 <= -0.30, 168 > -1.20, 201 <= 1.65, 201 > -1.88, 226 <= 1.74, 147 <= 2.11 } --> { class: 1 }
        c = { { 211 > -0.30 } --> { class: 5 } }
}
1 1 0.7133358533656868
[1]
[[5.9168354e-07 9.9968916e-01 4.5325969e-08 1.4135944e-12 3.1028062e-04
  2.6724450e-08 2.9408965e-11 4.1576888e-11]]
[ 1.81648865e-01  9.68251705e-01  4.02393281e-01  1.39061153e+00
  1.00488424e-01 -2.71760076e-01 -1.99981570e-01 -2.42077485e-02
  1.31722450e-01  6.37240529e-01  5.59024394e-01 -5.87575197e-01
  9.63705108e-02 -5.24253130e-01  1.87416300e-02  4.78127956e-01
  1.36496216e-01  7.86356807e-01  6.21726751e-01 -2.35332251e-01
 -8.17207575e-01 -7.26292551e-01  1.29210558e-02 -1.44844383e-01
  4.69828129e-01  1.83048511e+00  8.82114768e-01  2.01809913e-01
  1.99043357e+00 -4.23306942e-01 -1.88024305e-02  1.03375769e+00
  9.83306170e-01  4.03607160e-01 -1.22475886e+00  1.52581573e+00
  1.59853190e-01 -1.64001793e-01 -4.57341880e-01  7.21162736e-01
  1.47455645e+00  2.54824162e-01 -1.25445962e-01 -5.99644184e-01
  1.28010678e+00 -1.52981782e+00  1.56425834e+00 -3.32216531e-01
 -6.34819120e-02 -5.37138999e-01 -9.85590667e-02 -3.99113059e-01
  5.14263034e-01  3.64613712e-01 -1.05123138e+00 -1.04846251e+00
 -8.18871081e-01 -6.91079736e-01  4.30970967e-01 -1.27861440e+00
  1.63746834e-01 -2.69769311e-01 -8.22970629e-01 -4.53209102e-01
 -2.91066468e-01 -4.41198736e-01  9.28926617e-02  7.84542024e-01
  2.90540606e-01 -9.62261140e-01 -9.36219513e-01 -6.65972769e-01
 -3.41250122e-01 -6.47582889e-01  9.37318325e-01  2.82061379e-02
 -7.27745891e-01  1.04811096e+00  9.11568776e-02 -3.18771720e-01
  3.78871083e-01 -7.55365849e-01  9.04264033e-01 -6.80332720e-01
 -1.12013853e+00 -3.28866482e+00 -5.93407929e-01  1.50810933e+00
  3.92593741e-02 -1.42017889e+00 -9.18468237e-02 -1.06155902e-01
 -7.77610779e-01 -6.00528717e-01  9.35840309e-01 -1.05182993e+00
 -5.20500958e-01  2.02762887e-01 -4.84257936e-04  1.03397965e-01
 -1.29429615e+00 -3.50921631e-01  2.30286196e-01 -8.51924062e-01
 -1.55296907e-01 -1.10320938e+00 -6.54595733e-01  1.67897999e-01
 -1.37148333e+00 -1.33788323e+00 -6.69809639e-01  6.29137397e-01
  4.55898754e-02  1.38725951e-01  4.62643802e-02 -1.16151607e+00
  2.39576727e-01  3.88036400e-01 -2.64890552e-01 -6.87474906e-01
  2.77455151e-01  6.01609707e-01 -1.28892565e+00  6.91549540e-01
 -2.56861001e-02 -2.77781427e-01 -1.71527311e-01 -2.32411977e-02
 -1.52738184e-01 -1.00017691e+00  7.44223177e-01  1.60776579e+00
  1.54367864e+00 -8.50152016e-01  8.63515496e-01 -3.17010373e-01
  4.24809664e-01 -1.24551028e-01 -6.70195401e-01  1.75469553e+00
  1.17416441e+00  1.90655255e+00 -1.69471204e+00  3.46528858e-01
  1.74635196e+00 -4.11917508e-01  1.96838152e+00  2.49907523e-01
  1.25033295e+00 -8.69427681e-01  3.62838477e-01  7.67226100e-01
 -1.66728973e-01 -6.70047939e-01  1.40435576e+00 -4.14643764e-01
 -5.70482671e-01  5.46425283e-01  6.23777449e-01 -9.90915671e-02
 -1.41490716e-02  2.89145678e-01  7.16374278e-01  1.85484135e+00
  5.28488278e-01 -2.10301682e-01 -6.82132602e-01 -1.35492325e-01
  6.19679391e-01 -9.65818882e-01 -2.45896673e+00  4.53008592e-01
 -7.87869692e-01  2.23631144e-01 -2.63485074e-01 -4.35130537e-01
 -4.18230563e-01 -1.64807588e-01 -4.56151009e-01  1.15726793e+00
 -8.06100190e-01  1.59054846e-01  6.04708672e-01 -4.08112079e-01
 -1.93160129e+00 -1.43861651e-01  6.95900559e-01  6.77520454e-01
 -1.93673527e+00  5.12389779e-01  2.83781886e-01  1.40096998e+00
 -8.63520026e-01 -1.47587612e-01  1.26820385e+00  3.65735054e-01
 -2.21861199e-01  3.75256002e-01  1.72318828e+00  1.81748962e+00
  1.36563748e-01 -5.68129897e-01  9.85533595e-01 -2.05240399e-01
 -7.59039521e-01  2.29320467e-01  1.83581841e+00  2.99525261e-01
 -1.66310811e+00 -5.80241680e-01  1.22304037e-02 -8.77152920e-01
  1.29691529e+00 -1.17501760e+00  1.54309303e-01  9.61220920e-01
 -1.53910682e-01  4.04935837e-01 -1.35850334e+00  9.79971886e-02
 -2.20571727e-01  5.86133063e-01  7.84029603e-01  4.29885656e-01
 -1.76628804e+00 -3.81407708e-01 -8.85944128e-01 -9.31587934e-01
  8.63498926e-01  2.60382891e-01  3.59715819e-01 -3.49901408e-01
 -8.12399030e-01 -6.53804839e-01  2.42550895e-01 -3.01401466e-01
  9.00988102e-01  6.20901287e-01 -6.29059553e-01  1.25554478e+00
  2.05936599e+00  3.69794697e-01 -3.97920191e-01 -2.01118305e-01
  4.76056159e-01 -1.44172990e+00  2.53213227e-01  1.33148268e-01
 -4.52840626e-02 -5.57925820e-01  3.55339050e-02 -8.59318495e-01
 -3.99039984e-01 -1.23992108e-01 -3.80120546e-01 -1.15104899e-01]
