generating neighborhood - rnd
2021-05-06 01:23:12.720123: I tensorflow/stream_executor/platform/default/dso_loader.cc:48] Successfully opened dynamic library libcublas.so.10
2021-05-06 01:23:20.052591: I tensorflow/stream_executor/platform/default/dso_loader.cc:48] Successfully opened dynamic library libcudnn.so.7
Latent space
Real space
(array([1, 2, 3, 5, 6]), array([40, 18,  4, 26, 12]))
Latent space 2
synthetic neighborhood class counts {'1': 40, '2': 18, '3': 4, '5': 26, '6': 12}
learning local decision tree
retrieving explanation
e = {
        r = { 108 <= 1.64, 7 <= 0.90, 187 <= 0.27, 53 > -0.98, 88 <= 1.23, 2 > 0.98, 97 > 0.12, 136 > -0.70 } --> { class: 6 }
        c = { { 7 > 0.90 } --> { class: 1 }, { 108 > 1.64 } --> { class: 1 } }
}
6 6 1.0
[6]
[[0.033761   0.07165011 0.10396399 0.02884636 0.00171673 0.00776369
  0.7362534  0.01604478]]
[-1.55710042e-01  5.91179907e-01  1.02073538e+00  1.40768468e+00
 -5.49967885e-02 -9.43012655e-01 -6.56389415e-01 -2.26068527e-01
  6.30378306e-01  9.40217376e-02  3.59945595e-01 -2.20460013e-01
 -8.63734245e-01 -1.43760443e-01 -2.39932910e-01 -7.76868463e-02
 -4.74419355e-01  4.47936982e-01  4.53650892e-01  2.38019332e-01
 -6.47129774e-01 -8.88168812e-04 -5.81571758e-02 -7.20705032e-01
  5.69433928e-01 -3.12834406e+00 -1.46567881e-01 -2.05271676e-01
 -9.87970591e-01 -9.74988699e-01 -1.46868616e-01 -2.29403377e-02
  2.18122154e-01  2.12048404e-02 -4.77708220e-01  1.87463552e-01
  4.23190057e-01 -1.25112855e+00  1.80009186e-01  4.79892522e-01
  3.52119744e-01  2.69035399e-02 -1.42076407e-02 -3.23166490e-01
  6.48911476e-01 -7.08626032e-01  6.25514150e-01 -6.73304439e-01
  2.65397817e-01 -4.01279144e-02  5.60097337e-01  9.81043279e-02
 -2.36214113e+00  8.58981013e-01  1.89925224e-01 -1.60097706e+00
 -2.46880889e-01 -9.41764951e-01  1.15053701e+00  1.72796935e-01
 -3.61478627e-01 -5.02575338e-02 -5.25969863e-01 -7.42382109e-01
  3.02113593e-01 -3.32624853e-01  5.24327815e-01  9.55321610e-01
 -3.24809581e-01 -2.94798404e-01  3.20969731e-01 -1.25707531e+00
 -4.05447334e-02  2.08553880e-01  1.01838017e+00 -6.71490729e-01
 -9.35777187e-01  5.38424492e-01  4.59733188e-01  1.01157546e-01
  1.59390152e-01 -1.14639187e+00 -4.05959636e-02  6.27032340e-01
  1.98250681e-01 -6.75885558e-01  3.87384593e-02  5.34486234e-01
 -5.95833302e-01  2.17686343e+00  2.14387566e-01  6.16290271e-02
  5.21617532e-01 -2.67624259e-01  3.23776245e-01 -1.27904907e-01
 -2.78312504e-01  7.07415566e-02 -1.37759221e+00 -4.56631333e-01
 -7.80899227e-01 -2.86010027e-01 -8.30483139e-02  3.98649275e-03
  1.16709009e-01  1.30262935e+00 -1.37302732e+00 -1.20251343e-01
 -4.28736925e-01 -7.67519951e-01 -1.88454375e-01 -7.94470459e-02
 -3.40678513e-01  1.58642642e-02  1.82325006e+00 -8.87660205e-01
  4.57861096e-01 -8.32967639e-01  2.83296928e-02  2.79415607e-01
 -5.04608713e-02  3.86269927e-01 -6.05243862e-01  3.58202979e-02
  9.60491747e-02 -7.44212449e-01 -2.46347594e+00 -7.04043150e-01
  6.70326710e-01 -1.91210949e+00  2.81358153e-01  6.97787762e-01
 -7.04774380e-01 -5.42437315e-01  3.37426931e-01 -5.38121238e-02
 -2.89078355e-01  7.14590400e-02  3.12145978e-01  5.53781629e-01
  9.94031847e-01  2.42193913e+00 -2.31903934e+00 -1.91547304e-01
 -1.30492067e+00  2.25385517e-01 -1.79432690e-01 -1.20674029e-01
 -1.60687006e+00  6.39989316e-01  4.89039063e-01  1.63270426e+00
 -3.16204041e-01 -1.78077534e-01  2.89453387e-01 -6.56963050e-01
  6.45667136e-01  1.98081684e+00 -3.91099215e-01 -8.36045504e-01
 -1.62689358e-01 -7.42158294e-03 -8.29945624e-01 -2.36587510e-01
  1.34739637e+00  1.14241429e-01 -6.82499588e-01  6.39814854e-01
  5.05792379e-01 -5.47568858e-01 -9.54798520e-01  1.43631768e+00
 -7.36523390e-01  4.76141483e-01 -4.50311720e-01 -1.46154374e-01
 -4.99594599e-01  4.20632362e-01 -8.87660086e-02 -1.40929389e+00
  7.55767941e-01  3.58523935e-01 -8.01510215e-02  7.94156194e-02
  5.63783288e-01 -7.63081074e-01  1.21108139e+00  1.05627090e-01
 -1.17846763e+00  8.63737941e-01  3.29013199e-01  6.15658581e-01
  6.96778059e-01  2.52663940e-01  2.18694732e-01 -2.17400044e-02
 -7.59209514e-01 -7.17468083e-01  1.42049038e+00  7.52309084e-01
 -4.91525173e-01 -1.07089067e+00 -2.95070857e-01 -4.84464705e-01
  8.99068534e-01  2.94227064e-01  4.69407678e-01  2.63495594e-01
 -1.68036699e-01 -1.07836533e+00  4.43458200e-01 -4.21821885e-03
  8.58811811e-02 -7.94863105e-01 -1.60151887e+00  2.72993684e-01
  2.16862559e-02 -1.60594299e-01 -6.70750976e-01  2.58194625e-01
  5.81232980e-02  1.46217585e+00  5.12866378e-02  3.24183762e-01
 -1.12217277e-01  7.25252330e-02 -2.51985073e-01 -5.05249918e-01
  4.39902604e-01  5.65686464e-01 -1.24501824e-01 -5.14517903e-01
 -3.45996857e-01 -1.16848862e+00 -3.46301943e-01 -6.85708642e-01
 -6.05162978e-01  5.04189074e-01 -5.85444830e-02  1.34850574e+00
 -1.60562277e-01  4.78858463e-02  7.77058721e-01 -2.29401924e-02
  1.98934376e-01  1.33474946e-01  4.13818896e-01  4.71171364e-02
 -8.83366168e-03 -3.25825632e-01  3.23366165e-01 -1.03001642e+00
  7.39054382e-02  5.99057913e-01 -1.68551728e-01  3.39909345e-01]
