generating neighborhood - rnd
2021-05-02 18:10:22.036641: I tensorflow/stream_executor/platform/default/dso_loader.cc:48] Successfully opened dynamic library libcublas.so.10
2021-05-02 18:10:54.828088: I tensorflow/stream_executor/platform/default/dso_loader.cc:48] Successfully opened dynamic library libcudnn.so.7
Latent space
Real space
(array([0, 1, 2, 3, 5, 6]), array([  5, 244,  89,  14, 106,  42]))
Latent space 2
synthetic neighborhood class counts {'0': 5, '1': 244, '2': 89, '3': 14, '5': 106, '6': 42}
learning local decision tree
retrieving explanation
e = {
        r = { 183 > -0.21, 82 > -0.13, 209 > -1.31, 68 <= 1.56, 168 > -0.63, 102 > -1.40, 9 > -2.47, 132 <= 0.63, 230 > 2.61 } --> { class: 0 }
        c = { { 230 <= 2.61 } --> { class: 1 }, { 168 <= -0.63 } --> { class: 1 }, { 132 > 0.63 } --> { class: 1 }, { 82 <= -0.13 } --> { class: 1 }, { 209 <= -1.31 } --> { class: 1 } }
}
0 0 0.9519986460969663
[0]
[[7.9934555e-01 7.4563466e-02 3.0809391e-04 2.1828146e-05 1.2522043e-01
  2.4330549e-04 1.8714053e-08 2.9728393e-04]]
[-0.15704152  0.5782156  -0.12804885  0.7318139  -0.5330479  -0.6541188
 -1.0190605  -0.57588774 -0.4353561   0.5362678   0.9074195  -0.8642422
  1.5030553  -0.7896273  -0.40373504  0.3829253  -0.13812396 -0.8884729
  0.69052637  0.20736647 -1.0615721   0.5713986   0.4672456  -0.59532505
 -0.08008695  0.22172654  0.52143824  0.43241835  0.5529107  -0.02909532
  0.87074167  0.96568006 -0.15815498 -0.08993597 -0.6709796  -1.7813134
 -0.5586901  -0.23863621  0.2750404   0.7797267   1.189692    0.63716906
 -0.12488094 -0.1376835   1.196428   -0.7308164   1.5363015  -0.97595334
 -0.0517558  -0.8622966   0.70772797 -1.3649117  -2.0200014   1.3734637
 -0.6781379  -0.5918266  -0.77391076  0.1583693  -0.02003407 -0.63380945
 -0.15075561 -0.17376132 -0.9482016   0.66191137 -0.14360124  0.61780846
  0.67215323  1.3384434  -0.37695783 -0.2115218   0.02403893  1.0079783
 -1.2406648  -0.0217638  -0.1956367  -0.06084009 -1.2061716   0.6599757
  0.02684271 -0.05186245 -0.08855119  0.5503859   0.7673534   0.42509145
 -0.7863954  -0.13830118 -0.97945493  0.91735995 -1.2757741  -1.0003531
  1.6838117   1.0210799  -1.6969483  -1.042192    0.57569903 -0.72775024
 -0.4467442   0.23394749 -1.8318212   0.6072427  -1.2982897  -0.804314
  0.42979568 -0.03818912 -0.338313   -0.39302802 -0.61610717 -0.29692963
 -0.5487308  -0.52044123 -0.18703586  0.2407305  -0.15674524  0.7517942
 -0.26917428 -0.67918307  0.36583364  0.7759756   0.18970895 -0.6893091
  0.17216596  0.52652    -1.0993317  -0.08490099 -0.34852788 -0.7769224
  0.064632    0.01702106 -0.58551943 -0.42315498  0.75883806  0.43591613
 -1.2098202  -0.9927893   0.1349526  -0.64344233  0.05678046 -0.8878906
  0.18284822  0.5905383   1.3307571   1.1219887  -1.1619893   0.06088144
 -0.4218664   0.33517548  0.93838435 -0.2855074   2.4762356   0.94656837
  0.2039185   0.88919395 -0.01517993 -0.5676057   1.7987882  -0.13166746
 -0.60342705  0.16522369 -0.09358334 -0.02186641 -0.06742422  0.20672439
 -0.9422295   2.089724    0.6905082  -0.08912383 -0.41397998  0.57424384
  0.6594067  -0.9100768  -0.7684744   0.69650936 -0.5053306  -0.9510856
  1.3436817  -0.22678445 -1.0511794  -0.20492119 -0.29751077 -1.1891475
  0.81865853  0.50149477  0.33232713  0.15391657 -2.7254963  -0.1560149
 -0.0225166   1.0727997   0.361781   -0.27897486 -0.48820516  1.7958344
  0.02084735  0.00384435  1.7293122   0.05893421 -0.18897861  0.9203696
  0.9780269  -1.1148453   0.12063681  2.482953    0.87360686  0.3203185
 -0.7396563  -0.01418822  0.68350035 -0.33974785 -0.2636972  -0.65049034
  0.3967088  -0.7197478  -0.3821916  -1.3532351  -1.9192153   0.56943816
 -0.5160419   0.3452728  -1.2346041  -0.35592988  0.0424674   0.6195927
  0.18137032  0.26180938 -0.66367364  0.20949875 -0.79794466 -0.80560887
  0.5194797   0.9943927   1.6009953  -0.29719463 -0.07453167 -0.3496162
 -0.2661093  -1.1554892  -0.10512098  0.3257721   0.22652084  0.74711716
 -0.5949768   0.5269729   0.26604414 -0.17669258  1.2469074  -1.5457878
  0.6982072   0.56611747 -0.38684452 -0.09190789 -0.8078357  -0.95278686
 -0.2588458  -0.27251303 -0.16098794  0.3500581 ]
