generating neighborhood - rnd
2021-05-02 23:38:53.332977: I tensorflow/stream_executor/platform/default/dso_loader.cc:48] Successfully opened dynamic library libcublas.so.10
2021-05-02 23:39:26.360753: I tensorflow/stream_executor/platform/default/dso_loader.cc:48] Successfully opened dynamic library libcudnn.so.7
Latent space
Real space
(array([0, 1, 2, 3, 5, 6]), array([  4, 244,  89,  15, 106,  42]))
Latent space 2
synthetic neighborhood class counts {'0': 4, '1': 244, '2': 89, '3': 15, '5': 106, '6': 42}
learning local decision tree
retrieving explanation
e = {
        r = { 183 > -0.21, 82 <= -0.13, 37 <= 0.55, 81 <= 0.46, 31 <= 0.82, 152 > -1.26, 97 <= 0.27, 206 > 0.89 } --> { class: 3 }
        c = { { 97 > 0.27 } --> { class: 6 }, { 37 > 0.55 } --> { class: 6 }, { 183 <= -0.21 } --> { class: 6 } }
}
3 3 0.9519989442007448
[3]
[[1.08076696e-04 2.88021402e-03 4.05269247e-06 9.84352827e-01
  1.23606576e-02 1.38227973e-04 7.12034889e-05 8.46923867e-05]]
[ 8.69567171e-02  1.31973195e+00 -2.83625513e-01  3.83722246e-01
 -1.45816922e+00 -1.46603072e+00 -1.59456837e+00 -4.21381481e-02
 -9.90818501e-01  7.63049781e-01  4.08646464e-01  9.54139233e-03
  1.31604838e+00 -4.09122854e-01  7.20967799e-02  5.27340353e-01
 -5.14994860e-01 -1.40999556e+00  7.52735734e-01  2.59487510e-01
 -9.53275800e-01  8.39469850e-01 -1.83854014e-01 -1.23522520e-01
 -4.26231861e-01  2.67190814e-01 -1.13308489e-01 -2.23584771e-01
  3.03940475e-01 -1.34198546e-01  1.13715625e+00  3.48460019e-01
 -4.63933766e-01 -2.68946171e-01 -3.15634549e-01 -2.47201681e+00
 -1.62844956e-01  4.83606756e-03  3.85381281e-01  9.77056324e-02
  1.31487381e+00 -1.62164658e-01 -3.21430862e-01 -1.10676873e+00
  1.13995755e+00 -1.88628599e-01  9.43477035e-01 -6.78274691e-01
 -7.36887157e-02 -4.78001297e-01  7.74885654e-01 -2.18448758e+00
 -1.93934393e+00  1.61715388e+00 -6.93310559e-01 -1.01061773e+00
 -8.07702661e-01 -4.59945023e-01 -1.62622595e+00 -7.93520272e-01
 -2.63624400e-01 -3.60131174e-01 -9.82760072e-01  2.00465083e-01
 -1.70512065e-01 -2.72636294e-01  6.57582462e-01  6.51967347e-01
  5.01133919e-01  5.56256533e-01  2.03093171e-01  5.76134503e-01
 -6.62115932e-01  5.30769229e-01 -9.83141661e-02 -1.61937249e+00
 -6.40668452e-01  6.33938491e-01 -8.75694156e-01  4.72570002e-01
  4.94241297e-01  6.47100389e-01 -7.40209669e-02  7.17348397e-01
 -5.02611995e-01 -2.26130188e-01 -6.80629611e-01  4.87755269e-01
 -1.25921345e+00 -1.93455458e+00  2.37727451e+00  9.46984172e-01
 -1.61861122e+00 -3.11305612e-01  6.00134790e-01 -4.84462380e-01
 -7.18141019e-01  2.13345587e-02 -2.59759736e+00  4.31902915e-01
 -1.76580906e+00 -6.98095918e-01 -1.95625588e-01 -3.95700485e-01
 -2.63322681e-01 -5.51095724e-01 -5.74470639e-01 -5.29744923e-01
 -6.81141615e-01 -9.77320611e-01 -1.71736628e-01  3.42424065e-01
 -1.62262768e-01 -4.73679870e-01 -4.73812044e-01 -8.82967412e-01
  6.15975201e-01  7.90255189e-01  2.92209297e-01  2.09411725e-01
  3.06957290e-02  5.95184088e-01 -7.61938870e-01 -8.54838371e-01
 -1.70148879e-01 -5.02888523e-02 -7.46948838e-01 -6.12808526e-01
 -1.06797829e-01  3.98576260e-03  8.93851161e-01  4.63560104e-01
 -1.37885070e+00 -8.49339142e-02  1.20371088e-01  4.17602926e-01
 -7.19211102e-02 -1.32783085e-01  6.90248013e-01  8.73886108e-01
  1.65696406e+00  1.73988247e+00 -1.79904389e+00  6.38966918e-01
 -4.69107866e-01 -4.78649288e-02  1.12217140e+00 -2.72298396e-01
  2.55568075e+00  6.80033147e-01  9.88789499e-01  7.49546826e-01
  2.06150040e-02  3.76176015e-02  1.35177767e+00  1.63919002e-01
 -1.20467973e+00 -5.91260076e-01 -2.24634916e-01 -7.69613683e-02
  2.05743723e-02  6.97297454e-02 -1.29342914e+00  1.79985070e+00
  5.09324551e-01 -5.95973969e-01 -5.20249188e-01  4.08756673e-01
  5.12104034e-01 -7.05577672e-01 -9.10233855e-01  1.03268397e+00
 -5.37702501e-01 -2.61802524e-01  1.49531519e+00 -1.49297982e-01
 -8.45358789e-01  1.24426425e-01 -3.06413770e-01 -1.93284082e+00
  1.78168106e+00  7.07030296e-01  1.83140248e-01 -1.32821321e-01
 -4.35962820e+00 -8.25828969e-01 -3.86202216e-01  1.29572988e+00
  3.71531188e-01 -3.29624832e-01 -2.43615121e-01  7.97129393e-01
  2.48945862e-01  3.11322838e-01  7.57300407e-02  8.88322473e-01
 -7.57560134e-01  7.78217673e-01  1.86698997e+00 -1.16183615e+00
  2.19036326e-01  5.01917362e+00  1.82237661e+00  1.36746258e-01
 -9.98525679e-01  8.03049922e-01  9.69569921e-01 -6.82170272e-01
 -9.31922138e-01 -1.30799794e+00  4.51123297e-01 -3.15796822e-01
 -6.64413035e-01 -9.58576322e-01 -2.26715159e+00  2.50324845e-01
 -6.64147615e-01  1.33239889e+00 -9.21334326e-01  1.17614165e-01
 -1.37230858e-01  9.99823451e-01  3.70250493e-01  5.77993333e-01
 -9.33045387e-01 -2.44806364e-01 -5.81656471e-02 -1.04262280e+00
  9.45406109e-02  8.53471518e-01  1.60606778e+00 -9.23916280e-01
  4.80235338e-01  8.55676085e-02 -6.48565888e-01 -8.03581119e-01
  1.02499880e-01  1.12083435e+00  1.11452907e-01  9.17624116e-01
 -9.86696124e-01  6.04034960e-01  6.07086599e-01  9.88992006e-02
  3.44345987e-01 -6.10914886e-01  1.21324098e+00  7.22265005e-01
 -3.35608602e-01 -9.00153279e-01 -2.32923889e+00 -1.02147257e+00
 -5.19303977e-01  3.70343506e-01 -1.79472834e-01  4.61284727e-01]
