generating neighborhood - rnd
2021-05-06 22:20:36.098354: I tensorflow/stream_executor/platform/default/dso_loader.cc:48] Successfully opened dynamic library libcublas.so.10
2021-05-06 22:20:55.656387: I tensorflow/stream_executor/platform/default/dso_loader.cc:48] Successfully opened dynamic library libcudnn.so.7
Latent space
Real space
(array([0, 1, 2, 3, 5, 6]), array([  2, 145,  49,  11,  70,  23]))
Latent space 2
synthetic neighborhood class counts {'0': 2, '1': 145, '2': 49, '3': 11, '5': 70, '6': 23}
learning local decision tree
retrieving explanation
e = {
        r = { 7 > -0.53, 119 > -0.80, 86 > -1.86 } --> { class: 1 }
        c = { { 7 <= -0.53 } --> { class: 5 } }
}
1 1 0.6966677616465997
[1]
[[1.18405223e-01 8.80912602e-01 2.90042935e-05 1.24613431e-09
  5.31416845e-06 6.47776586e-04 8.66538059e-08 1.22857164e-08]]
[-1.6997929e-01  5.2136403e-01 -4.7228026e-01  1.2471042e+00
  2.9762113e-01 -5.1153409e-01 -7.6008427e-01  4.9001902e-02
  2.1557504e-01  9.8885494e-01  2.9723153e-01 -1.2287886e+00
 -3.1566453e-01 -1.0767682e+00  7.4636024e-01  3.5774177e-01
 -4.4489067e-02  8.0627048e-01  7.9922366e-01  1.5910190e+00
 -4.8536068e-01 -3.7409592e-01  5.0479370e-01 -6.6738755e-01
  5.1843756e-01  1.3910825e+00  1.2760468e+00  5.2694384e-02
  1.1071408e+00  5.3564382e-01 -2.0620942e-01  3.1527007e-01
  1.8880454e-01 -1.6768910e-01 -1.0130631e+00  7.5171471e-02
 -1.1130556e+00 -9.1830295e-01  5.1855630e-01  6.3290489e-01
  1.6919614e+00  5.0735539e-01 -2.2097342e-01 -6.2472337e-01
  1.0241681e+00 -1.2475361e+00  9.9762708e-01 -8.8548303e-02
 -1.7758254e-03 -9.0774429e-01  7.3562568e-01 -2.9743457e-01
  1.0125235e+00  3.3686239e-01 -4.2388713e-01 -8.4376895e-01
 -1.4138339e+00 -1.2822925e+00  4.1344863e-01 -1.2229724e+00
  2.1341518e-01 -7.6114643e-01 -5.6501520e-01 -8.8644129e-01
 -1.7173456e-01  3.5384786e-01  1.0899715e+00  1.2041280e+00
 -6.1813003e-01  8.7823100e-02 -5.9431303e-01 -2.6110303e-01
 -9.6381783e-01 -5.6644487e-01 -3.4798101e-01 -6.1491698e-01
 -1.9198995e+00  1.1794959e+00  4.6327633e-01  4.1557172e-01
  1.3415208e+00 -9.4882256e-01 -5.7141155e-01 -3.8737145e-01
  8.3740667e-02 -1.8500301e+00 -2.1379974e-01 -3.3196470e-01
 -1.1921891e+00 -7.8275943e-01 -7.0511587e-02  7.5518250e-01
 -1.6490306e+00 -6.3938081e-01  4.1502702e-01 -9.0189350e-01
 -5.9987414e-01 -4.7629842e-01 -1.0653678e+00 -1.7222178e-01
 -1.9152122e+00 -7.1045882e-01 -7.7843499e-01 -1.0154611e+00
 -1.2475778e+00 -1.7886066e+00 -1.1819255e+00 -2.9155970e-01
  2.6752915e-02 -1.4384267e+00 -3.4849834e-01  6.9595414e-01
  8.0569856e-02  5.3914082e-01  2.5397533e-01 -5.6182152e-01
  3.7597224e-01 -2.1313162e-01 -2.1130733e-01  8.4086232e-02
 -2.6488101e-02  8.7299764e-01 -1.1442699e+00  6.4197257e-02
  6.8378471e-02 -2.6590163e-01  2.6883888e-01  9.6591674e-02
 -7.3016167e-01 -6.4524442e-01  7.7815127e-01  1.6492001e+00
  1.0690993e+00 -2.0996879e-01  9.5206195e-01  1.2532339e-01
  4.4330209e-01  3.5972169e-01 -2.5896156e-01  1.8501318e+00
  7.6024222e-01  9.8609018e-01 -1.1133491e+00  7.1243149e-01
  7.4202651e-01 -4.3991211e-01  1.7004131e+00 -4.5715368e-01
  5.6053674e-01  1.4801306e-01  4.3543592e-02  1.6178867e+00
  4.1419426e-01  3.5612412e-02  1.1854603e+00 -1.2109894e-01
 -7.1718335e-02  1.1607710e+00  4.9531597e-01 -1.7998454e-01
 -1.1149079e-01 -3.7141213e-01  2.1216740e-01  1.6663934e+00
  1.4121392e-01 -6.5738368e-01  5.6858886e-02  2.0392697e-01
  8.8547194e-01 -6.2088251e-01 -2.4557533e+00  1.2947433e+00
 -8.9833385e-01  3.8049972e-01 -1.6935968e-01 -3.3774710e-01
 -8.6441863e-01 -2.4404594e-01  6.6022080e-01  1.0992379e+00
 -9.2137039e-01  1.2138548e+00  1.1559426e+00 -3.3824679e-01
 -1.1906545e+00 -1.1289741e-01  4.6128836e-01  8.6577964e-01
 -1.2956344e+00  2.7768320e-01  3.8812108e-02  1.5916119e+00
 -7.7667344e-01  9.2749074e-02  2.5588194e-01  1.3103883e-01
 -1.7581955e+00  1.0103650e+00  2.0022650e+00  1.1624448e+00
 -1.0781417e+00 -3.4301883e-01  7.7701807e-01  2.4407163e-01
 -2.1477270e-01  1.0427464e+00  1.1325684e+00 -2.8055423e-01
 -1.2250203e+00 -9.3748069e-01  1.7495878e-01  1.5218380e-01
  6.5957588e-01 -1.4054750e+00  6.5583795e-01  1.1471627e+00
 -2.8888133e-01  2.2348940e-02 -9.1081488e-01 -5.5600864e-01
 -5.5317807e-01  1.6373845e+00  9.2192107e-01  1.0686330e+00
 -1.0646608e+00  1.4942417e+00 -6.5927237e-01 -1.1283871e+00
  3.1901312e-01  1.7627738e+00  1.5574617e+00 -5.1699960e-01
 -1.3120743e+00 -3.2011437e-01 -9.4174832e-01 -1.3462071e+00
  6.8421447e-01  3.2414237e-01 -2.5356483e-01  1.5251651e+00
  1.2083715e+00  9.3381095e-01 -4.7522080e-01 -9.6581310e-02
  1.3651794e+00 -9.6314692e-01  8.0687135e-01  7.8805840e-01
 -7.9361007e-02 -5.3439307e-01 -1.6072506e-01 -9.6098143e-01
 -6.0140151e-01  8.8380599e-01 -1.3829138e+00  2.7941394e-01]
