generating neighborhood - rnd
2021-05-05 03:48:47.367148: I tensorflow/stream_executor/platform/default/dso_loader.cc:48] Successfully opened dynamic library libcublas.so.10
2021-05-05 03:48:57.620352: I tensorflow/stream_executor/platform/default/dso_loader.cc:48] Successfully opened dynamic library libcudnn.so.7
Latent space
Real space
(array([0, 1, 2, 3, 5, 6]), array([ 1, 67, 25,  6, 38, 13]))
Latent space 2
synthetic neighborhood class counts {'0': 1, '1': 67, '2': 25, '3': 6, '5': 38, '6': 13}
learning local decision tree
retrieving explanation
e = {
        r = { 211 <= 1.72, 160 > -1.15, 20 > 1.19, 214 <= 0.81 } --> { class: 5 }
        c = { { 160 <= -1.15 } --> { class: 1 } }
}
5 5 0.873335654096675
[5]
[[2.02633942e-06 4.14186725e-05 1.23578205e-08 5.10586018e-10
  3.56883078e-07 9.99956131e-01 4.24978595e-08 6.88928381e-09]]
[ 0.17285253  1.3258241  -0.5615218   0.2165764  -0.83429706 -0.12554634
  0.7010073  -0.45391792 -0.01101182  0.5628452   0.47069585 -0.6286426
 -0.7015693  -0.72382313 -0.5073445   0.470149    0.3687684   1.5492892
  0.71521187  0.30357677 -1.5863497  -0.6080156   0.12638028 -0.20989114
  1.7576468  -1.9329568   0.27020597 -0.43256226 -0.04324812 -0.51006615
 -0.38122046  0.08467619 -0.68832964  0.40724397 -0.68609434  1.4460468
 -0.43599752 -0.5150004  -0.53011703 -0.40456432  0.17269027  0.12174273
 -0.4487521  -0.45802584  0.83054996 -1.5963658   0.75922525 -0.5973682
  0.1532748  -0.4975401   0.5577255  -0.4465966   1.6189263  -0.01860696
 -1.5918264  -0.6833048  -0.51398045 -0.70847666  0.41614217 -0.42745283
  0.7714471  -0.36087662 -0.72979724  0.18248953 -0.36800426 -0.40797925
  0.87216854  0.23874086 -0.10270705 -1.3131719  -0.34913906 -0.5597106
 -0.5209349  -1.9354728   0.07397659 -0.34208158 -1.317021    0.6225176
  0.8996456   0.07948019 -0.34371346 -0.8482165  -0.32438233 -1.3685591
 -0.98728746 -0.15040767 -0.16091086  0.5596262  -0.7112717  -2.6963394
 -0.9442799  -0.02260676 -0.78368366 -0.45325497  0.24278589 -0.26391086
 -1.3851447   0.18570638 -0.81669295  0.65126765 -0.8978032  -0.26197132
 -0.20719679 -0.22819315  0.15729284 -0.41599452 -0.9699097  -0.50547045
 -0.7705175  -0.77543944  0.04596063 -0.0516451  -0.02003093  0.03977323
  0.68777204 -0.29123518  0.33467913  2.3396752   0.26818636 -0.88648397
 -0.8213545   0.5135948  -0.02546417  0.4781868  -0.19162694 -0.2503519
 -0.5730962  -0.29153532 -0.01524001  1.3492935   0.38082772  1.0892758
 -0.54772896 -0.7489083   0.35165164 -0.677162   -0.33674407  0.43330184
 -0.41745442  0.12254041  0.70668834 -0.20175308  0.02222395  0.37915492
  0.07570899  0.16859478  1.8738041  -0.09693582  1.1017827  -0.7806859
 -0.4933861   0.8922801   0.55808854 -0.81045675  0.608933   -0.19987331
 -0.02434942 -0.07945792  0.93676007 -0.5459203   0.32572898  1.1390481
  1.7587216   1.7293333   0.27716738  0.04686629 -0.318561    0.63550967
  0.87287164 -0.7368182  -0.2181046  -0.766157   -0.8356306  -0.56356615
 -0.1981121  -0.07260214 -0.24161424 -0.3574909   0.35146     2.8324292
 -1.0155498  -0.07723387 -0.13899851 -0.28030068 -1.504997   -0.25335565
 -0.57086986  0.46416557 -0.5651821  -0.15245563 -0.7248699   0.8715689
  0.20369568 -0.6615794   0.93765754  0.5878614   0.06696087  1.2305466
  1.0571672   0.6133133   0.48400038  0.10405472  1.03641     0.59892786
 -0.4102935   0.1688605  -0.6882342  -0.0807123  -1.1379375  -0.4286406
 -0.5105225  -0.4945829   0.30502498 -0.44250178 -1.1343449   0.27609488
  0.04176377  0.22500823 -1.075557    1.3468703   0.160362    1.2502856
  0.4162842   0.15577827 -0.2535619  -0.7260402  -0.36269438 -0.6346806
 -0.25345722  0.3633026   0.07498166  0.20642641 -0.83059764  0.23901963
  0.70834404 -2.079885   -0.7390941   0.72215605 -0.11048327 -0.14239782
  1.4015435   0.6426538   0.44572893  0.10464828  0.5710931  -1.1970284
  0.34142733  0.09606228 -0.20938306  0.01542839  0.28611344 -0.54077744
 -0.19417197 -0.69907176 -0.6413188  -1.6213961 ]