generating neighborhood - rnd
2021-05-02 19:24:38.923142: I tensorflow/stream_executor/platform/default/dso_loader.cc:48] Successfully opened dynamic library libcublas.so.10
2021-05-02 19:24:42.687227: I tensorflow/stream_executor/platform/default/dso_loader.cc:48] Successfully opened dynamic library libcudnn.so.7
Latent space
Real space
(array([1, 2, 5, 6]), array([34, 24, 28,  14]))
Latent space 2
synthetic neighborhood class counts {'1': 34, '2': 24, '5': 28, '6': 14}
learning local decision tree
retrieving explanation
e = {
        r = { 7 <= 0.81, 187 <= 0.46, 224 <= -0.10, 219 <= 0.07, 242 > -0.25 } --> { class: 2 }
        c = { { 7 > 0.81 } --> { class: 1 }, { 219 > 0.07 } --> { class: 6 } }
}
2 2 1.0
[2]
[[2.7183217e-03 2.4605339e-02 9.6901214e-01 7.6418289e-04 2.6723969e-04
  7.4151740e-04 4.4012669e-04 1.4510829e-03]]
[ 2.67339140e-01  1.03159964e+00 -5.89247167e-01  6.23002350e-01
 -8.63717914e-01 -7.86437571e-01 -2.37343386e-01  2.00616159e-02
  1.33585826e-01  1.07746470e+00  5.23300171e-01 -7.02931702e-01
 -1.34289026e+00 -8.93578291e-01  3.74336451e-01  1.18892193e-01
 -4.29296523e-01 -3.66698384e-01  9.65427220e-01  1.24117613e+00
 -1.40973103e+00 -1.03293610e+00  2.20025122e-01 -3.05175841e-01
  5.44174373e-01  1.27806437e+00  1.74058652e+00  1.04927987e-01
 -2.91197658e-01  1.46218014e+00  8.22300613e-01  1.57512784e-01
 -9.52754378e-01 -1.15687832e-01 -3.42377275e-01 -1.16610241e+00
 -3.32958698e-01 -6.12975620e-02  7.61365771e-01  8.24466228e-01
  6.11652911e-01  3.28354001e-01 -6.21957183e-01 -1.08604062e+00
  9.92375016e-01 -2.76855558e-01  7.86122143e-01 -1.01584530e+00
 -9.39967707e-02 -1.02855229e+00  9.37001288e-01 -8.74399006e-01
  5.31775355e-01  4.63546515e-02 -9.76789713e-01 -4.32095468e-01
 -1.47231197e+00 -1.09712017e+00  1.31425381e+00 -1.18802035e+00
  7.23269165e-01 -5.27734030e-03 -3.50745738e-01 -7.07901359e-01
 -3.33138645e-01  3.80748808e-01  8.91351700e-01  6.74360991e-01
  5.20298958e-01  8.14012110e-01  1.61718094e+00 -8.11904669e-01
 -9.08724308e-01 -1.26396286e+00 -2.78804660e-01 -1.02050018e+00
 -1.28779829e+00  1.09585118e+00 -1.96320564e-02  6.31810009e-01
  6.31185889e-01 -1.15708470e+00 -3.76261830e-01  9.15002823e-02
 -3.55482399e-01  2.57061422e-01 -4.36619788e-01  3.35285187e-01
 -5.66830635e-01  2.12930441e-02 -1.93923786e-01  7.16383100e-01
 -1.63429725e+00 -3.76452744e-01  6.40204549e-01 -5.59416339e-02
 -2.12747741e+00 -4.11498278e-01 -1.63204551e+00 -7.80316114e-01
 -1.81849921e+00 -6.36184096e-01 -7.26538837e-01  1.16077065e-03
 -8.95204127e-01 -8.32519174e-01 -2.51810402e-01 -3.86486709e-01
 -3.11629027e-01 -1.06663430e+00 -5.08352160e-01  3.41125727e-01
 -4.53628033e-01 -6.31622225e-02 -1.04589105e+00 -1.19561756e+00
 -1.20412454e-01 -1.01953757e+00 -1.93867102e-01  4.14953828e-01
 -1.12606883e+00  4.06724244e-01 -8.59372616e-01 -3.34190726e-02
 -2.02890143e-01 -1.10261999e-01 -9.54290628e-01 -2.83572465e-01
 -5.83116293e-01 -4.67334807e-01  9.23502743e-01 -3.26886117e-01
 -2.32608005e-01 -2.51383960e-01  8.76923025e-01  5.02481163e-01
  5.28743386e-01 -5.91931492e-03 -3.73364419e-01  1.16938949e+00
  1.25198984e+00  5.50526679e-01 -6.36497617e-01  1.00292909e+00
 -1.16554296e+00  6.22701764e-01 -1.29822552e-01 -5.84371984e-01
  1.28922594e+00  1.16002008e-01  7.51389384e-01  1.01521552e+00
  2.27500796e-02 -2.67146260e-01  1.57269919e+00  1.67165533e-01
 -1.20749608e-01  7.96060145e-01  2.89816856e-01 -8.99415910e-01
  1.12658873e-01  8.28164816e-01 -4.15684432e-01  1.32021046e+00
  1.44554973e+00 -7.45226324e-01  2.37943865e-02  1.32252082e-01
  4.64690536e-01 -3.90887141e-01 -1.09121263e+00 -3.04183781e-01
 -8.47022712e-01 -3.43812793e-01  1.01598477e+00 -4.60954368e-01
 -8.62996042e-01  3.27076465e-02  1.55843034e-01  8.52427244e-01
  1.21377087e+00  4.35790688e-01  5.42034984e-01  3.62093449e-02
 -2.64521217e+00 -4.68860984e-01 -5.97264230e-01  2.12427473e+00
 -1.45525026e+00  4.11488593e-01  7.29062781e-02  8.95841181e-01
 -5.76091051e-01  1.48764357e-01  3.94797891e-01  6.85045421e-01
 -1.28762364e+00  8.97499919e-01  2.08813810e+00 -5.32413125e-01
 -4.59434837e-01  2.04862738e+00  7.34704852e-01 -1.14642119e+00
 -4.86041188e-01  8.21013927e-01  3.05080980e-01 -5.51398098e-01
 -1.94083631e+00 -1.18426347e+00  1.11000814e-01 -5.46049237e-01
  2.04059348e-01 -8.32716823e-01 -2.16353464e+00  2.00394437e-01
 -4.39970493e-01 -8.35995436e-01 -1.00239134e+00 -3.91281635e-01
 -2.60620356e-01  1.01970470e+00  1.16537213e+00  1.09457302e+00
  2.32023567e-01  4.44705546e-01 -3.64912450e-01 -6.39315844e-01
  8.29310417e-02  1.55121613e+00  1.36444116e+00 -7.30217099e-01
 -2.78577495e+00 -3.97564501e-01 -2.63918012e-01 -9.41263497e-01
 -1.75587311e-02  8.08158100e-01 -4.69210654e-01  3.00981045e-01
 -1.96941054e+00  4.93305475e-01 -5.02449870e-01 -2.97911078e-01
  1.19496739e+00 -1.30355620e+00  9.03474152e-01  7.30090797e-01
 -4.50742126e-01 -7.55061030e-01 -1.31263763e-01 -9.44055557e-01
 -3.98545980e-01  1.19262719e+00 -8.27469945e-01 -4.05172616e-01]
