generating neighborhood - rnd
2021-05-02 18:03:30.629321: I tensorflow/stream_executor/platform/default/dso_loader.cc:48] Successfully opened dynamic library libcublas.so.10
2021-05-02 18:04:02.921556: I tensorflow/stream_executor/platform/default/dso_loader.cc:48] Successfully opened dynamic library libcudnn.so.7
Latent space
Real space
(array([0, 1, 2, 3, 5, 6]), array([  5, 244,  89,  14, 106,  42]))
Latent space 2
synthetic neighborhood class counts {'0': 5, '1': 244, '2': 89, '3': 14, '5': 106, '6': 42}
learning local decision tree
retrieving explanation
e = {
        r = { 183 > -0.21, 82 > -0.13, 209 <= -1.12, 170 > -1.04, 33 > -0.79, 89 > 0.17, 210 > 0.25, 121 > 0.03 } --> { class: 0 }
        c = { { 33 <= -0.79 } --> { class: 5 }, { 210 <= 0.25 } --> { class: 2 } }
}
0 0 1.0
[0]
[[9.7120404e-01 2.3062365e-02 3.1914704e-05 6.8376437e-08 5.6998171e-03
  1.6644307e-06 3.4896279e-09 2.2203871e-08]]
[-5.45384347e-01  6.97578192e-01 -1.01399732e+00  3.57535779e-01
 -9.86580729e-01 -8.99485111e-01 -1.07302630e+00 -4.58060116e-01
 -1.11727178e-01  5.81675231e-01  1.98974758e-01 -9.96533394e-01
  1.35781944e+00 -8.77589405e-01 -1.19463317e-01  1.64606363e-01
 -5.87438703e-01 -1.22045815e+00  6.66663408e-01  9.35948730e-01
 -7.39991009e-01 -1.39826417e-01  1.20581701e-01 -9.93217885e-01
 -1.00342631e-01 -9.37671587e-03  4.88684118e-01  1.28852114e-01
  2.80191839e-01  4.35348094e-01  2.73014456e-01  4.89588410e-01
  1.66112185e-02 -2.55126268e-01 -1.24932456e+00 -1.98153126e+00
 -1.17986393e+00 -8.99235070e-01  1.01681631e-02  2.47942895e-01
  1.42468262e+00  3.48512650e-01 -4.04193461e-01 -3.69114399e-01
  1.10828555e+00 -1.29772329e+00  1.32474184e+00 -3.31126541e-01
  9.06126201e-02 -4.48461652e-01  2.25624386e-02 -1.33001018e+00
 -2.14035296e+00  1.38842630e+00 -5.46344697e-01 -8.63991857e-01
 -9.27114904e-01 -3.30807865e-01 -4.97209370e-01 -8.48572373e-01
  4.35333908e-01 -2.88334370e-01 -3.95693004e-01 -7.44439065e-02
 -5.27953327e-01 -2.01719508e-01  5.32019734e-01  1.80799496e+00
 -7.91574180e-01  3.24848831e-01  9.37864929e-02  8.17137897e-01
 -8.29847693e-01 -2.15072215e-01 -4.46016729e-01 -4.80049163e-01
 -7.60255158e-01  1.00901806e+00 -5.87401032e-01  5.77772021e-01
  6.98837876e-01  1.03664422e+00  2.27325052e-01  6.21713638e-01
 -5.50079525e-01 -8.56423616e-01 -9.32079256e-01  8.06181312e-01
 -1.97266376e+00 -1.43576407e+00  1.52518141e+00  1.13440895e+00
 -1.39827430e+00 -9.15782094e-01  1.04476273e+00 -6.65006101e-01
 -4.53905404e-01 -4.36037660e-01 -2.06586790e+00  2.27803260e-01
 -1.94742048e+00 -8.42104435e-01 -1.19283348e-01 -2.21780986e-01
 -5.99595964e-01 -9.14662600e-01 -3.12451452e-01 -2.59978622e-01
 -2.33611897e-01 -9.68759239e-01  4.09362391e-02  6.76948249e-01
 -6.89454377e-02  7.46703207e-01 -5.20755053e-02 -1.89013124e-01
  5.98745048e-01  7.26081431e-01  3.82719189e-03 -4.67560031e-02
 -3.21734190e-01  1.32759929e+00 -1.05308056e+00 -7.81073719e-02
 -1.40528291e-01 -5.01440227e-01 -8.65953714e-02 -1.01239517e-01
 -6.49849772e-01 -2.95538068e-01  8.75005007e-01  5.62370181e-01
 -1.44120526e+00 -8.45775902e-02 -1.28320813e-01 -5.12497425e-01
  1.71353966e-01  3.46031725e-01  3.29033136e-01  1.19712961e+00
  9.69909370e-01  1.21600008e+00 -1.76819277e+00 -2.16198117e-02
 -4.83426690e-01 -1.51258379e-01  1.01361322e+00 -8.34027410e-01
  1.58294964e+00  1.02344668e+00  3.59618276e-01  1.66961527e+00
  2.32057586e-01 -3.29389840e-01  1.57649612e+00 -2.84785837e-01
 -1.95591033e-01  3.49561572e-02  4.75275278e-01  3.29869688e-02
 -1.78426638e-01  3.27492386e-01 -1.42139077e-01  1.64597654e+00
  1.46887869e-01 -2.90259987e-01 -1.21016234e-01  6.77808821e-01
  1.07634449e+00 -1.33252537e+00 -9.84480977e-01  1.26349449e+00
 -8.55267167e-01  3.61413568e-01  1.60757875e+00 -4.31935638e-01
 -8.14626336e-01  5.90375364e-01  6.38673365e-01 -1.79745138e+00
  1.08361793e+00  1.14632177e+00  9.21370685e-01  3.92054290e-01
 -2.59770918e+00 -9.88562182e-02 -1.33283406e-01  8.31111908e-01
  7.15871871e-01  2.00617135e-01 -2.30978243e-02  2.29859900e+00
  2.95400918e-01  2.04383165e-01  4.84697998e-01  5.84837139e-01
 -1.13548136e+00  1.10760403e+00  1.85134268e+00 -9.71461296e-01
 -2.36735716e-01  3.91389346e+00  2.95075476e-01  3.03342342e-02
 -2.89561391e-01  7.02919245e-01  4.24071193e-01 -3.52283716e-01
 -3.23932916e-01 -1.20959866e+00  5.40002167e-01 -4.18507308e-01
  8.89528245e-02 -1.69472003e+00 -2.18048406e+00  5.66481471e-01
 -5.98449185e-02  2.47763246e-01 -1.17299652e+00  9.77522656e-02
 -2.91788250e-01  1.02526081e+00  1.05660999e+00  9.52796996e-01
 -6.00759745e-01  8.64274204e-01 -5.40792286e-01 -1.42758632e+00
 -2.79564559e-01  1.51762009e+00  1.61034548e+00 -7.00251818e-01
 -1.59765333e-01 -3.04886758e-01 -6.51345134e-01 -1.46475363e+00
 -4.25954014e-01  1.08605266e+00 -1.58043168e-02  8.20686460e-01
 -9.03266788e-01  1.04073966e+00  4.70795453e-01  3.11064035e-01
  7.39162922e-01 -1.25626898e+00  1.00526440e+00  1.08360916e-01
  2.82607488e-02 -7.03180790e-01 -1.23525167e+00 -1.07904410e+00
 -3.17746758e-01  3.21960598e-01 -5.56040943e-01  1.36203051e-01]
