generating neighborhood - rnd
2021-05-06 01:12:48.900017: I tensorflow/stream_executor/platform/default/dso_loader.cc:48] Successfully opened dynamic library libcublas.so.10
2021-05-06 01:13:13.953297: I tensorflow/stream_executor/platform/default/dso_loader.cc:48] Successfully opened dynamic library libcudnn.so.7
Latent space
Real space
(array([0, 1, 2, 3, 5, 6]), array([  4, 194,  75,  12,  84,  31]))
Latent space 2
synthetic neighborhood class counts {'0': 4, '1': 194, '2': 75, '3': 12, '5': 84, '6': 31}
learning local decision tree
retrieving explanation
e = {
        r = { 7 > -0.64, 208 <= 2.15, 211 > 0.34, 88 <= -0.64, 212 > -0.38, 113 <= 0.38, 153 > -0.44, 241 <= 0.30 } --> { class: 6 }
        c = { { 241 > 0.30 } --> { class: 2 } }
}
6 6 0.9550012716625761
[6]
[[7.1431682e-03 7.4655078e-02 3.9835027e-03 2.0833938e-04 6.0009724e-04
  8.0419442e-04 9.1258806e-01 1.7652443e-05]]
[-0.10315368  0.4477195  -0.33033785  1.1315634  -2.5329645  -1.1411153
  0.87113965 -0.52344084 -0.6168665  -0.13639228  0.18931523 -0.8256516
  0.9638556  -0.00842546 -0.01709165 -0.25394762 -0.41934854  1.7877729
  0.31939942 -0.05624405 -0.21326177 -0.8466415   0.0904729   0.58546317
 -1.2745769   0.5254571   1.1641384  -0.23096392 -0.2659906   0.887344
 -1.6795139  -0.17230803  0.22938752  0.39622584  0.04888402  0.3821637
  0.5384058  -0.7278911  -0.06594349  0.48610824 -0.1153779   0.12364473
  0.09174934 -0.43759632  0.74725664 -0.7677772   0.5997433  -0.6956024
  1.047768   -0.57136834  0.352864   -0.2925035  -2.0866082   1.0548731
  0.45173952  0.40062633 -0.2337021  -0.29342404  0.27966946 -0.15736283
 -1.5790172  -0.19855191 -0.59225035 -0.8078955   0.14870442 -0.21481709
  0.7664282   0.8390856  -0.18943101  1.3669456   0.52110255 -0.1657131
  0.10826458  0.6122656   0.47807825 -0.6416637  -0.6878525   0.05179067
  0.70869017  0.40426904 -0.1620268   0.67653877 -0.44528344  0.10198113
 -0.9322553  -0.9016925   0.23843925  0.31975943 -0.81491387 -0.6344974
  0.379556    0.25507462  0.05161402 -0.28677714  0.484379   -0.4166498
 -0.9707216   0.19846421  0.4261958  -1.1585518  -0.48339212  0.16968569
  0.14824547  0.47200513  0.28323284 -1.1989499  -1.1676592  -0.37514958
 -0.33591503 -0.43642664 -0.04996222 -0.21699205 -0.2932519   0.02358127
  0.52800685 -0.83200014  0.5604868   0.32809475 -0.02473546 -0.11920768
 -0.17899859  0.19898462 -0.15928054 -0.21423373 -0.36910594 -0.57699054
 -0.18874466 -0.90236944  0.41007417  0.4186346   0.17552632 -0.30212796
  0.01087993 -0.05842635  0.5390852  -0.11723503  0.43618593  0.21237311
 -0.31376827  0.36574665  0.76648986  0.12027451  0.5136751   0.02878251
  0.3811215   0.9355237   0.51349413 -0.076647   -0.42739245  1.3892695
 -0.09924068  1.2761531  -0.70413464  0.05160302  0.55248547 -0.22072653
 -0.03915881 -0.4153993   0.07327586 -0.8883557   0.32110885  0.74494815
  0.7772591   0.24495564  0.43362662 -0.08365782 -0.3258934   0.7320945
  0.5012854  -0.18682054 -0.20408292  0.743557   -0.76127386  0.24508084
 -0.65490675 -0.03714867 -0.10098298  0.73723847  0.3191766   2.3764744
 -0.02082754  0.44280005  1.0105951  -0.03932308 -1.3396428  -0.3827659
 -1.8415582  -0.05641702 -2.260327    0.48045158  0.6301076   0.48351678
  0.8768424   0.00500067  0.22768609  0.17791095 -0.5514853   1.8521023
  1.6892664  -0.7066521  -0.33746722 -3.7501926   0.7892933   0.13487072
 -0.61710185  0.31040606 -0.0289675   0.39680287 -0.54009056 -1.0550978
  0.68515664  0.29356942 -0.32388985 -0.43982056  0.08271125  0.2816285
 -0.06470447 -0.3401336  -0.6241403   0.12079569 -0.06294585  0.2951373
  0.19586092 -0.18130147 -1.7864022  -0.05916673 -0.21312785 -0.9549363
 -1.1136557   0.5389624   2.2555585  -0.65823644  1.3799301  -1.0022535
 -0.09468403 -0.46051496  0.26064706  0.733289   -0.23607765  0.00770491
 -2.454245   -0.16418551 -0.28622514  0.02997341  0.49928975  0.3257794
  0.54966664  0.43382075 -0.33000457 -0.6127021   0.11588782 -1.1895983
 -0.6364603   1.026942   -0.2962082   0.5904499 ]