generating neighborhood - rnd
2021-05-05 03:53:26.887097: I tensorflow/stream_executor/platform/default/dso_loader.cc:48] Successfully opened dynamic library libcublas.so.10
2021-05-05 03:53:43.300896: I tensorflow/stream_executor/platform/default/dso_loader.cc:48] Successfully opened dynamic library libcudnn.so.7
Latent space
Real space
(array([0, 1, 2, 3, 5, 6]), array([  2, 117,  41,  10,  61,  19]))
Latent space 2
synthetic neighborhood class counts {'0': 2, '1': 117, '2': 41, '3': 10, '5': 61, '6': 19}
learning local decision tree
retrieving explanation
e = {
        r = { 7 > -0.53, 93 <= 0.37, 47 <= 0.57, 198 > -1.52, 119 > -0.25, 184 > 0.92 } --> { class: 5 }
        c = { { 184 <= 0.92 } --> { class: 1 }, { 47 > 0.57 } --> { class: 1 }, { 119 <= -0.25 } --> { class: 1 } }
}
5 5 0.6800035194827444
[5]
[[4.1824914e-04 5.7908408e-03 1.0764278e-02 1.2895204e-04 3.6976012e-04
  9.8164684e-01 3.3529312e-04 5.4592360e-04]]
[-1.66043416e-01  7.70251513e-01 -7.49520421e-01  7.74881661e-01
 -3.10390860e-01 -4.55553532e-01  1.32420152e-01 -8.36602673e-02
 -3.81401360e-01  8.75876367e-01  6.42780483e-01 -9.08755302e-01
 -5.64375222e-01 -1.06708550e+00  8.33944976e-02  4.24830243e-02
 -4.51823145e-01 -1.71058786e+00  3.37440610e-01  1.00487065e+00
 -5.36734104e-01 -1.30256867e+00  1.36219680e-01 -9.01593328e-01
  1.91632211e-01  2.43888116e+00  9.18975055e-01  2.42537305e-01
 -1.65269721e+00  6.90860868e-01  4.50178683e-01  5.89179218e-01
  9.07272398e-01 -4.96798456e-01 -2.91989177e-01 -2.03238153e+00
 -6.63306534e-01 -5.82619011e-01  5.77882588e-01  7.50796378e-01
  2.61990023e+00  1.87229142e-01 -4.49214488e-01 -5.46462357e-01
  1.06251478e+00 -3.02117109e-01  1.25051534e+00  2.39542037e-01
  1.23730749e-02 -9.71486807e-01  1.10001540e+00 -3.14634591e-01
  4.66743052e-01  1.04676926e+00  8.88650656e-01  6.71850383e-01
 -1.14725637e+00 -1.24026525e+00  1.04484653e+00 -6.40654087e-01
  1.79915762e+00 -5.04387990e-02 -5.71427405e-01  7.96660066e-01
 -1.93932235e-01  1.24793515e-01  9.57474113e-01  1.26925611e+00
 -2.23928735e-01  8.10233951e-02  1.62923574e+00  1.32629490e+00
 -9.19512153e-01 -1.30569482e+00 -7.04489410e-01 -9.69519138e-01
 -8.54305446e-01  1.20824432e+00 -2.17994660e-01  5.93423963e-01
  6.61868691e-01  3.41018498e-01  6.57444224e-02  6.31611407e-01
 -3.12260598e-01 -5.74917197e-02 -5.67565382e-01  3.45798910e-01
 -1.45064366e+00 -6.74069762e-01  1.58837855e-01 -8.00234914e-01
 -1.03200305e+00 -1.21840322e+00  7.47934520e-01 -2.44134784e-01
 -2.00735569e+00 -3.13546568e-01 -4.93311048e-01 -3.65948439e-01
 -1.67622375e+00 -6.04221404e-01 -2.77259529e-01 -1.52305627e+00
 -5.74671030e-01 -4.68207240e-01 -6.56593442e-01 -2.61463761e-01
 -2.66171306e-01 -1.12933171e+00 -1.51339635e-01  1.64536178e-01
 -2.81207323e-01  3.23792815e-01  6.98243380e-02 -5.35333335e-01
  5.37409484e-01  2.14005798e-01  1.73418134e-01  2.71173626e-01
  1.09079942e-01  6.70702338e-01 -1.15977323e+00 -4.51128066e-01
 -1.90960765e-01 -7.39983618e-01 -6.68087006e-01 -2.36209586e-01
 -1.05537629e+00 -3.09053302e-01  7.26723194e-01  5.01723886e-02
 -3.91184181e-01 -6.15082681e-01  2.25801975e-01 -5.43706417e-01
  7.30819523e-01 -3.93249035e-01  6.23571634e-01  1.02527881e+00
  1.02488542e+00  6.92564607e-01 -4.27065790e-01  7.55902171e-01
 -8.37833643e-01  1.02590239e+00 -8.60611856e-01 -6.12204432e-01
  2.61646843e+00  4.92262751e-01  8.47748756e-01  8.53377044e-01
  3.41799796e-01  5.74365258e-05 -2.12002873e-01  5.49536906e-02
  3.20498824e-01  5.96754074e-01 -4.96174097e-02 -4.12302166e-01
  2.24252880e-01  1.82140917e-01 -7.32810259e-01  2.04267859e+00
  7.38221824e-01 -2.11999491e-01  1.79995269e-01  2.99175352e-01
  7.71721303e-01 -9.56194341e-01 -1.48665464e+00  1.29428196e+00
 -7.12599516e-01 -4.23789412e-01  8.92634869e-01 -6.47325814e-01
 -1.00125778e+00  1.76664740e-01  4.13053185e-02  2.14612150e+00
 -8.64585161e-01  6.29456460e-01  3.32729489e-01  3.42387110e-01
 -5.77771783e-01 -6.18587375e-01  1.86621338e-01  1.63165104e+00
 -1.36740953e-01  2.24385232e-01 -2.42803752e-01  1.43539333e+00
 -1.65446579e-01  4.66370761e-01  8.45471144e-01  4.78927791e-01
 -8.93310130e-01  1.56381750e+00  1.58736086e+00  2.77726650e-01
  2.96586156e-02  4.10817003e+00  1.44399285e+00  1.17386627e+00
  2.45196372e-02  5.89017093e-01  5.80018699e-01 -6.93757057e-01
 -1.39044785e+00 -1.04732931e+00  2.51183420e-01 -7.39217520e-01
  3.93868089e-01 -1.03324008e+00 -8.56247604e-01  4.47346717e-02
  1.08183943e-01  2.98092574e-01 -1.14308345e+00  1.82561148e-02
 -1.03035524e-01  1.05710042e+00  6.17109895e-01  7.99582541e-01
 -4.42570090e-01  5.40559411e-01 -7.69583762e-01 -9.12552953e-01
 -1.93592668e-01  1.59069800e+00  5.15414536e-01 -7.35098839e-01
 -1.63552737e+00 -1.97403744e-01 -7.02789247e-01 -1.18674815e+00
 -1.08486152e+00  9.71054554e-01 -1.34915352e-01  3.38628560e-01
 -5.08853912e-01  5.58860064e-01  8.11715007e-01  1.03795625e-01
  1.03633201e+00 -1.30750966e+00  1.15504181e+00  2.57553875e-01
 -5.17591476e-01 -8.87879908e-01  4.54502881e-01 -9.76638198e-01
 -5.93989789e-01  6.19840801e-01 -5.82676053e-01  1.27582443e+00]