generating neighborhood - rnd
2021-05-03 01:01:47.963338: I tensorflow/stream_executor/platform/default/dso_loader.cc:48] Successfully opened dynamic library libcublas.so.10
2021-05-03 01:02:13.879753: I tensorflow/stream_executor/platform/default/dso_loader.cc:48] Successfully opened dynamic library libcudnn.so.7
Latent space
Real space
(array([0, 1, 2, 3, 5, 6]), array([  4, 194,  75,  13,  84,  30]))
Latent space 2
synthetic neighborhood class counts {'0': 4, '1': 194, '2': 75, '3': 13, '5': 84, '6': 30}
learning local decision tree
retrieving explanation
e = {
        r = { 7 > -0.64, 208 <= 2.15, 211 <= 0.34, 169 <= 1.18, 74 <= 1.77, 250 > 0.14, 229 > -0.79, 58 > 1.07, 126 > -0.68, 178 > -0.14 } --> { class: 3 }
        c = { { 126 <= -0.68 } --> { class: 5 } }
}
3 3 0.9875000126380098
[3]
[[0.0378833  0.27078018 0.24112523 0.35998327 0.07903101 0.00748038
  0.0027269  0.00098972]]
[ 0.0390925   0.7558966   0.18120787  1.266188   -1.8678095  -0.11202513
  0.4148115  -0.5007449  -0.0542824   0.67950475  0.41490108 -1.0620321
  0.6613972  -0.8144335  -0.5406753  -0.20338538  0.38133544  1.2482467
  0.56740224  0.17240009 -0.28433466 -0.8063509  -0.08330418  0.7661109
 -1.8358406   0.15385169  0.38861322  0.04560114 -0.2550861   0.72950333
 -0.9137291   0.71625185  0.03661985  0.1778563  -0.49516428  0.80533135
  0.0917698  -0.34752688 -0.52866286  0.01229263  0.56523967 -0.01127109
 -0.37186447 -0.3480594   0.43119758 -0.83088726  0.73435307 -0.16698256
 -0.15232459 -0.6985985   0.43091422 -0.6396532  -1.5455761   1.1215105
 -0.02205521  0.7647357  -0.7932612   0.11326417  0.10253263 -0.29881346
 -2.088479   -0.8765043  -0.43205538 -0.6167544  -0.50734675 -0.5582365
  0.55512553  0.37882513 -0.13256873  0.45424378  0.18262418 -0.2816608
 -0.20123513  0.7023957   0.09955983 -0.11118059 -0.47928482  0.10577784
  0.9965749   0.33561313 -1.1489234   0.37873515 -0.4175612   0.23908064
 -0.7341669  -1.0870725   0.15135837  0.6344619  -1.1058829  -1.0758679
  0.18230009 -0.40275264 -0.1900644  -0.6771378   0.72416306 -0.48278672
 -1.4463851  -0.09824436  0.46118522 -0.8982153  -0.7909472  -0.17562892
  0.14982681  0.11771712  0.4134022  -0.587758   -0.9057944  -0.50712174
 -0.49256682 -0.36055017  0.20831409 -0.36786175  0.23557512 -0.10443759
  0.2530003  -0.4305914   0.5038514   0.43446863 -0.02427699 -0.14647487
 -0.60258925  0.69026935 -0.09876509  0.03713843 -0.18862207 -0.77173585
 -0.50657654 -0.36841813 -0.7660601   0.27674422  0.09437122 -0.4929712
  0.19712242 -0.62345773  0.286583   -0.68299943 -0.31209058  0.32018754
 -0.65958136  0.7864493   0.2946451   0.2096308   0.47487363  0.20900258
  0.7688692   0.42401493  0.8246209  -0.14678833  0.14835885  1.1822222
 -0.5168756   0.49654958 -0.05460468 -0.6210309   0.55024725 -0.12824173
  0.4736877  -0.43664843  0.3751943  -0.49559814  0.37561756  1.3963792
  0.74610996  0.7590874   0.54759467  0.15031542 -0.273719    0.5224525
  0.5598223  -0.54790974 -0.04268044  0.48708004 -0.9985613  -0.21873035
 -0.7514446  -0.04527611  0.04459146  0.13237253  0.7205077   2.4576676
 -0.1618891  -0.24411082 -0.22096923 -0.22124137 -0.8626057  -0.33196086
 -1.1565145   0.22990662 -1.8027362   0.14680286  0.07159146  0.20139258
  0.7650732  -0.4214359   0.87806505  0.4843482   0.25459772  1.8537902
  0.39360058 -0.33414245  0.16531008 -2.9565775   0.18221337 -0.12881787
 -0.9994282   0.20878208 -0.16681576  0.17940828 -0.820767   -0.45012835
 -0.4453441  -0.23784171 -0.22653684 -0.17861614 -0.05067015 -0.5514642
 -0.29690537  0.07853746 -0.96296006  0.86216295  0.5084083   0.613776
  0.31441692 -0.10795622 -1.8408136  -0.3600048  -0.30083078 -0.22923625
 -0.8080391  -0.05500216  1.5407605  -0.16236603  1.2919116  -0.18702948
  0.6095295  -1.0213847   0.43942302  0.46667007 -0.13857508  0.4096016
 -1.8003545   0.5178631  -0.04373544 -0.06476652  0.75939626 -0.90584314
 -0.1351353  -0.02716502 -0.85792947  0.3296228  -0.11048962 -0.17190984
 -0.38559693 -0.3097274  -0.4150343   1.1354269 ]
