generating neighborhood - rnd
2021-05-02 19:20:16.679876: I tensorflow/stream_executor/platform/default/dso_loader.cc:48] Successfully opened dynamic library libcublas.so.10
2021-05-02 19:20:20.441531: I tensorflow/stream_executor/platform/default/dso_loader.cc:48] Successfully opened dynamic library libcudnn.so.7
Latent space
Real space
(array([1, 2, 5, 6]), array([17, 12, 14,  7]))
Latent space 2
synthetic neighborhood class counts {'1': 17, '2': 12, '5': 14, '6': 7}
learning local decision tree
retrieving explanation
e = {
        r = { 7 <= 0.81, 187 <= 0.46, 224 <= -0.09, 219 <= 0.45 } --> { class: 2 }
        c = { { 7 > 0.81 } --> { class: 1 }, { 224 > -0.09 } --> { class: 5 } }
}
2 2 0.8800060994893161
[2]
[[4.0149737e-02 9.8119117e-02 5.1362383e-01 4.0059551e-03 3.2605180e-01
  1.6157137e-02 1.6197558e-03 2.7270787e-04]]
[ 3.02196860e-01  6.84536457e-01  8.69569927e-02 -2.73877621e-01
 -6.70735002e-01 -1.06031585e+00 -4.37434316e-02 -6.39828622e-01
  3.14870298e-01  1.81941092e-02  4.11540270e-01 -2.53656507e-01
 -1.09365559e+00 -1.80758879e-01  1.41862050e-01  1.15919039e-01
 -6.54741943e-01 -9.01188314e-01 -3.40212435e-02  2.79675186e-01
 -6.95349693e-01 -1.13816047e+00 -1.56711385e-01 -5.28153181e-01
  1.98813975e-01  1.12373662e+00  1.54722309e+00  3.84075418e-02
 -5.11029601e-01  1.47043788e+00  4.44423974e-01 -8.51628065e-01
 -5.09834230e-01  1.01730645e-01 -3.71875018e-01 -5.16624033e-01
 -5.70791781e-01 -6.80997431e-01 -1.73699081e-01  2.60417223e-01
 -5.64811230e-02  1.98895395e-01 -3.59616607e-01  2.29699865e-01
  5.80320597e-01 -1.28107905e+00  8.22804928e-01 -9.10796881e-01
  3.47844124e-01 -1.04630601e+00  1.18779451e-01 -1.09051824e+00
 -1.79106593e-01 -1.30912393e-01 -1.29100215e+00 -6.46475077e-01
  9.93786454e-02 -2.38055497e-01  5.76124668e-01  2.19842494e-02
  8.64393353e-01 -1.71508700e-01  2.77564168e-01 -8.20632100e-01
 -3.56215566e-01 -6.50773048e-01  8.29134166e-01  4.74078268e-01
 -1.22865021e-01  1.08778656e+00  1.55432904e+00 -1.24537098e+00
  1.15695447e-01 -1.52046955e+00  6.32828355e-01 -4.89213347e-01
 -1.12473285e+00  7.47514844e-01 -4.90709603e-01  4.15342242e-01
  1.50586098e-01 -3.64556521e-01 -1.10036954e-01  1.17914021e-01
 -2.72882223e-01 -2.86234200e-01  1.04442909e-01  5.52821040e-01
  6.01277351e-02  5.57870045e-02 -1.21502161e-01  7.13535845e-01
 -3.87895167e-01 -5.31976938e-01  2.27062494e-01  4.79436457e-01
 -2.03822589e+00  2.12988049e-01 -1.18578768e+00 -1.13007474e+00
 -9.38231468e-01 -3.11622113e-01 -2.25018889e-01  3.37050080e-01
  1.54524311e-01 -7.65980005e-01  2.61229038e-01 -1.99303254e-01
  1.37642711e-01 -7.57844627e-01 -2.54601210e-01 -4.03158247e-01
 -5.04075408e-01 -7.90850669e-02 -1.06780028e+00 -8.61205578e-01
 -4.26828414e-01 -1.40667880e+00  2.72685081e-01 -1.44826353e-01
 -1.93091846e+00  1.40937209e-01 -3.63937199e-01  7.76601911e-01
 -2.48525083e-01 -5.14117002e-01 -1.20718360e+00 -5.74846387e-01
  2.06933662e-01 -6.37799740e-01  1.54497027e-02 -1.50389194e-01
  3.30002494e-02  1.16108865e-01  2.46491671e-01 -2.63936520e-01
 -8.28859210e-03  2.63309509e-01 -4.34540451e-01  1.32410598e+00
  1.01884115e+00  7.70172358e-01 -6.35950327e-01  1.90372467e-01
 -7.34815598e-01  3.72551531e-01 -4.68004882e-01 -3.72672379e-01
  1.45031548e+00 -5.31747341e-01 -2.47074068e-02  1.02033210e+00
 -1.77305028e-01 -6.82221413e-01  1.22356129e+00 -1.28762722e-01
  2.60131061e-02  8.56258392e-01  2.06705153e-01 -1.19120681e+00
 -2.25503534e-01  2.09803867e+00 -3.37766379e-01  2.82024503e-01
  1.20904660e+00  1.25508413e-01 -2.60147490e-02  7.13211000e-01
  3.12159002e-01 -6.33170158e-02 -4.65663373e-01 -4.79195356e-01
 -9.31005001e-01  5.04684329e-01  3.80591393e-01  4.66341376e-01
 -2.74231166e-01  1.26536921e-01  4.88392055e-01  4.01843637e-01
  5.09930968e-01 -3.83223891e-01 -1.52527094e-01  3.34325373e-01
 -3.15971041e+00 -2.84787267e-01 -4.45904315e-01  2.13685131e+00
 -9.03017282e-01  2.70944715e-01 -1.58340558e-01  8.00701857e-01
 -2.99135417e-01  1.51525974e-01 -5.59562445e-03  2.35743433e-01
 -3.06401819e-01  7.85556197e-01  1.78970444e+00 -8.52976203e-01
 -8.34764168e-02  1.47288990e+00 -8.69282335e-03 -1.28306746e+00
 -7.06624687e-01  5.50810397e-01  8.10521245e-02 -4.04851399e-02
 -6.86394811e-01 -4.31369334e-01  1.41698778e-01  1.62816986e-01
  3.83855909e-01 -6.86969995e-01 -2.74118733e+00 -3.10762823e-02
  2.05098093e-02 -1.24659941e-01 -6.27333164e-01  4.33411449e-01
 -2.76631474e-01  6.67816520e-01  5.47545612e-01  5.26587009e-01
  4.55692112e-01 -7.82201529e-01 -1.96324930e-01 -3.44276041e-01
 -1.46428868e-01  2.45738536e-01  5.67814112e-01 -4.37625706e-01
 -1.83548224e+00 -1.68992862e-01  1.21093668e-01 -1.51401818e-01
 -6.42533362e-01  1.02293777e+00 -5.78576863e-01 -5.04411161e-02
 -2.37259960e+00  2.29064375e-03 -6.40894890e-01 -2.49771863e-01
  2.41841376e-01 -4.18377876e-01  3.00756752e-01  2.91889668e-01
 -1.27823204e-01 -1.91199809e-01  4.81668323e-01 -3.98348093e-01
 -3.07846755e-01 -1.01889178e-01 -4.42236841e-01 -6.42811596e-01]

