generating neighborhood - rnd
2021-05-02 18:16:12.033605: I tensorflow/stream_executor/platform/default/dso_loader.cc:48] Successfully opened dynamic library libcublas.so.10
2021-05-02 18:17:15.574574: I tensorflow/stream_executor/platform/default/dso_loader.cc:48] Successfully opened dynamic library libcudnn.so.7
Latent space
Real space
(array([0, 1, 2, 3, 5, 6]), array([  7, 488, 181,  32, 194,  98]))
Latent space 2
synthetic neighborhood class counts {'0': 7, '1': 488, '2': 181, '3': 32, '5': 194, '6': 98}
learning local decision tree
retrieving explanation
e = {
        r = { 7 <= -0.42, 137 > -0.19, 108 <= 0.14, 168 > -0.27, 250 <= -0.06, 241 > -0.92, 20 <= -0.96, 249 > -0.27 } --> { class: 0 }
        c = { { 249 <= -0.27 } --> { class: 1 } }
}
0 0 1.0
[0]
[[8.59567404e-01 1.02738924e-01 3.01746809e-07 1.65823658e-05
  3.76767442e-02 7.06370145e-08 2.25102194e-11 4.62702854e-09]]
[-4.80101645e-01  2.34021950e+00 -3.88141096e-01  1.78807902e+00
 -1.77223182e+00 -1.20408714e+00  4.99057561e-01 -1.40697193e+00
 -2.02069685e-01 -5.85726738e-01  4.79228437e-01 -1.33920956e+00
 -8.23198617e-01 -7.61134028e-01 -1.09307861e+00  1.07781105e-02
 -3.08608830e-01  2.25695562e+00  1.66629791e-01 -8.11991245e-02
 -6.33917272e-01 -3.69786233e-01  1.37884080e-01 -3.36093396e-01
  8.63676429e-01 -5.91234148e-01  1.28816152e+00 -6.05980515e-01
  9.39518213e-01  1.29243636e+00 -7.83599734e-01  1.86708593e+00
  1.02536321e+00  5.59383631e-01 -1.19646621e+00  5.39599717e-01
 -4.35063332e-01 -2.40104169e-01 -1.03327107e+00  1.10846615e+00
 -3.40473652e-02  7.62493014e-01  7.80805290e-01 -1.48938805e-01
  6.14095509e-01 -1.45671785e+00  1.77457023e+00 -9.23778117e-01
 -3.41657728e-01  6.17611170e-01 -1.67830706e-01  4.38352406e-01
 -5.30454040e-01 -2.73002684e-03  3.14447105e-01 -6.52058870e-02
 -1.50271070e+00 -3.13749254e-01  1.09393084e+00 -9.73452628e-01
 -7.89252222e-01 -5.93489468e-01 -9.33386743e-01  5.71076572e-01
 -1.31427729e+00  4.17481005e-01  1.45001471e+00  2.25590253e+00
 -2.97377080e-01 -8.51025105e-01 -1.18775165e+00  6.44675910e-01
 -1.67677474e+00 -2.70678937e-01 -1.46466881e-01 -1.11575162e+00
 -7.05848992e-01  1.03250444e+00  1.85117054e+00 -9.22877640e-02
 -1.03395462e-01 -1.59325027e+00  1.53445363e-01  1.13969231e+00
 -9.80669260e-01 -5.63976645e-01 -1.04380858e+00  3.83137584e-01
 -4.74870712e-01 -6.34402573e-01  4.05161917e-01  1.59103572e-01
 -1.89853907e+00 -1.20307660e+00  1.58618707e-02 -1.32029998e+00
  8.62083256e-01  4.86443996e-01 -1.08099449e+00  1.57556343e+00
 -1.75959206e+00 -5.45628369e-01 -6.57080859e-02  1.20413733e+00
 -4.48927581e-01 -2.20973516e+00 -8.43390405e-01  5.09845555e-01
 -1.41819870e+00 -1.12471783e+00 -1.11012077e+00  2.26725057e-01
  4.21903610e-01  5.88662103e-02  7.38941431e-01 -8.19563031e-01
  1.27676916e+00 -2.81781107e-02  4.37351733e-01 -7.77793109e-01
  5.67485690e-01  6.09964252e-01 -5.61964571e-01  3.20352077e-01
 -3.38935554e-01 -1.02035649e-01  1.24515325e-01  8.07334304e-01
 -1.25256252e+00 -1.10199034e+00  1.29114187e+00  6.34020567e-01
 -2.86570996e-01 -1.41782475e+00 -3.33655715e-01 -1.23615429e-01
  5.19185126e-01  5.03906906e-01 -7.02984929e-02  3.27339232e-01
  9.58118498e-01 -3.90859067e-01 -6.44421577e-03  2.40130611e-02
  6.06523156e-01 -8.19090605e-01 -1.99520126e-01 -3.39284688e-01
  1.62528491e+00  1.19478059e+00 -8.56863439e-01  1.03757298e+00
 -1.68177933e-01 -1.19056225e-01  1.02215302e+00  5.91359735e-01
  5.05010784e-01  1.23457479e+00 -7.00642884e-01 -1.16035521e+00
 -2.46643826e-01 -5.91442585e-01  2.94460654e-02  2.40138960e+00
  1.34870386e+00 -3.58057529e-01 -7.27944374e-01  6.34006858e-01
  1.28742480e+00 -1.60725331e+00 -7.87528515e-01 -1.68217778e-01
 -9.45484936e-01 -1.00157344e+00  1.89547992e+00  9.84582782e-01
 -1.45715916e+00 -1.14549196e+00  9.12975252e-01  2.98040867e-01
 -1.18801045e+00  5.86929321e-01  1.17790568e+00  6.56825483e-01
  1.36210191e+00 -2.32234508e-01  1.88382328e+00  3.87582183e-01
 -3.65463734e-01 -2.19342828e-01 -6.60133600e-01  3.08968592e+00
 -6.26696348e-01  1.15271282e+00  1.04430044e+00 -7.11450219e-01
 -5.22886395e-01  1.68295622e+00  1.52788162e+00  5.20967126e-01
  3.87624562e-01  2.08478642e+00  1.13799715e+00 -9.54675376e-01
  1.47811636e-01 -4.91609305e-01  3.00728989e+00 -6.22662306e-01
 -6.22633100e-01 -4.53358024e-01  5.96930325e-01 -1.30935085e+00
 -5.50681591e-01 -1.42204165e+00  2.26973861e-01  1.05444598e+00
 -2.44144142e-01 -3.41388941e-01 -1.05478501e+00 -3.83006543e-01
 -3.72935385e-01 -5.91358244e-01  3.93197462e-02  4.29930091e-01
 -8.04661155e-01  3.50562036e-01  4.15469706e-01 -1.99470448e+00
 -2.02924669e-01  1.10355484e+00  1.02396870e+00 -1.85766369e-01
  9.22629237e-01 -5.48141062e-01  4.39465821e-01 -1.79189372e+00
 -1.37567556e+00  3.99511904e-01  9.45976615e-01  1.60326993e+00
 -1.86738420e+00  1.02401090e+00  3.81829292e-01 -5.52230000e-01
  2.23299170e+00 -1.22849989e+00  1.66797602e+00  1.77683771e+00
 -1.21998951e-01 -7.52805099e-02  1.10724762e-01 -1.76666713e+00
  1.08665848e+00  7.85829365e-01 -1.92780674e+00 -7.47988999e-01]
