generating neighborhood - rnd
2021-05-06 01:06:25.548256: I tensorflow/stream_executor/platform/default/dso_loader.cc:48] Successfully opened dynamic library libcublas.so.10
2021-05-06 01:06:32.987673: I tensorflow/stream_executor/platform/default/dso_loader.cc:48] Successfully opened dynamic library libcudnn.so.7
Latent space
Real space
(array([1, 2, 3, 5, 6]), array([40, 18,  4, 26, 12]))
Latent space 2
synthetic neighborhood class counts {'1': 40, '2': 18, '3': 4, '5': 26, '6': 12}
learning local decision tree
retrieving explanation
e = {
        r = { 108 <= 1.64, 7 <= 0.90, 187 <= 0.27, 53 > -0.98, 13 <= -0.85, 54 > -0.93 } --> { class: 6 }
        c = { { 187 > 0.27 } --> { class: 2 }, { 54 <= -0.93 } --> { class: 2 } }
}
6 6 0.9099991646431829
[6]
[[0.07194027 0.05000845 0.03765893 0.02736409 0.00087257 0.0076493
  0.7878698  0.01663649]]
[-2.61590034e-01  1.15559661e+00 -4.72657084e-01  1.84643722e+00
  2.88281620e-01 -1.00512493e+00 -8.40667427e-01 -3.46879708e-04
  8.69368196e-01  1.63459659e+00  4.28864747e-01 -1.20527089e+00
 -1.40392637e+00 -1.61103439e+00  1.46099615e+00  6.06999457e-01
 -3.23956460e-01  8.55613291e-01  9.94971573e-01  2.20851517e+00
 -1.30697206e-01 -2.06274152e-01  8.77530813e-01 -9.84251857e-01
  8.99563968e-01 -1.47992015e+00  8.84997368e-01  3.98216844e-01
 -4.35193032e-01  6.17417693e-02  1.66055545e-01  3.21591049e-01
 -3.44947696e-01 -4.86265898e-01 -1.09669161e+00 -1.09833407e+00
 -1.27382839e+00 -7.29713619e-01  1.55653405e+00  8.13716471e-01
  2.20883369e+00  3.48789364e-01 -7.75596976e-01 -1.72558975e+00
  8.80246520e-01 -1.31180191e+00  1.37995291e+00 -1.96360841e-01
 -7.37656593e-01 -1.03971854e-01  1.29080892e+00  1.63711011e-01
 -1.21342826e+00  7.80159473e-01  1.42488316e-01 -1.07485390e+00
 -3.30257773e+00 -2.59154081e+00  1.11684668e+00 -1.61526251e+00
  3.76711488e-02 -5.57314456e-01 -3.79070312e-01 -6.69066072e-01
 -9.54353988e-01  6.92757607e-01  1.61235476e+00  5.39807975e-01
 -6.09914303e-01 -7.76253641e-02 -8.38193893e-02 -2.40651995e-01
 -1.29393065e+00 -5.24222076e-01 -9.99242842e-01 -7.14601874e-01
 -2.46015930e+00  9.36784387e-01  4.91536200e-01  5.86353600e-01
  1.37762213e+00 -1.80703378e+00 -8.45855236e-01  6.92428410e-01
  5.17666757e-01 -2.09767342e-01  3.71507555e-01  6.28902167e-02
 -2.04648232e+00  1.37289762e+00 -5.69889188e-01  1.30497193e+00
 -2.08855677e+00 -7.59400725e-01  2.89221555e-01 -9.92237508e-01
 -6.66310370e-01 -8.04540277e-01 -2.21584988e+00 -7.35895991e-01
 -2.93997574e+00 -8.04596901e-01 -1.71471250e+00 -1.05455709e+00
 -2.20955920e+00  2.09210157e-01 -1.55953610e+00  1.12949900e-01
 -8.23651105e-02 -1.85969043e+00 -1.86336040e-01  1.05058706e+00
  3.59172821e-01  8.78228128e-01  1.31395388e+00 -7.22964942e-01
  3.64546478e-01 -1.00069511e+00  1.87194087e-02 -4.01745029e-02
 -2.63917521e-02  1.39804351e+00 -1.36588192e+00 -3.60049814e-01
  4.19330478e-01  5.04276931e-01 -1.25204909e+00 -9.26744342e-02
 -1.10462761e+00 -1.32243145e+00  8.57312322e-01  1.02564585e+00
 -5.31588733e-01 -2.13065967e-01  7.58959293e-01  8.40873599e-01
  9.60961401e-01  1.39452064e+00  8.10695589e-01  1.93514287e+00
  6.24015450e-01  1.74113083e+00 -1.73989964e+00  1.31705868e+00
 -1.12362266e+00  2.95576245e-01  7.18926668e-01 -5.41743994e-01
 -5.31227112e-01  1.51579964e+00  6.20997429e-01  1.92536438e+00
  4.49798107e-01 -1.08025081e-01  1.17205650e-01 -1.19467847e-01
  6.75733209e-01  1.65196335e+00  6.49629116e-01 -2.35800266e-01
 -1.33937493e-01 -1.00387704e+00 -3.32856417e-01  2.55177259e+00
  9.28239763e-01 -1.35859132e+00 -1.10093832e-01 -2.55170792e-01
  9.09891725e-01 -5.30514836e-01 -1.15997791e+00  1.88873100e+00
 -1.09679008e+00  6.71434641e-01  1.03494239e+00 -7.66587257e-01
 -8.77733350e-01 -4.75141764e-01  4.10254449e-01  1.26892030e-01
 -1.42669171e-01  1.32701826e+00  1.29988527e+00 -8.73032749e-01
  1.58042446e-01 -3.88609946e-01  3.85198593e-01  3.69984835e-01
 -4.22263592e-01  2.79094815e-01  7.59795159e-02  1.75538433e+00
  9.08226788e-01  7.92858183e-01 -3.54036354e-02  3.70391816e-01
 -2.17645383e+00 -6.69373810e-01  2.71108103e+00  5.63841462e-01
 -1.75483501e+00 -1.21470237e+00  8.13099504e-01 -2.61399090e-01
  8.10706258e-01  1.80877006e+00  9.99717712e-01 -7.20487595e-01
 -2.72030640e+00 -9.17037845e-01  2.41896331e-01 -6.43137515e-01
  1.46653697e-01 -1.67560184e+00 -1.45159280e+00  8.41363907e-01
 -6.15544260e-01 -3.62435699e-01 -1.20702338e+00 -4.46582168e-01
 -7.08651900e-01  2.44684148e+00  1.79103875e+00  1.93055129e+00
 -4.00321037e-01  1.71477342e+00 -6.41010582e-01 -1.06443429e+00
  2.04359472e-01  3.11160564e+00  1.16018748e+00 -5.89766979e-01
 -1.24381280e+00 -2.21504271e-01 -5.13403177e-01 -1.83314002e+00
  3.82365465e-01 -7.59363100e-02 -1.94492489e-01  2.03744030e+00
  4.52870131e-01  1.53212214e+00  1.16966224e+00 -6.44037426e-01
  1.91306388e+00 -1.36783135e+00  1.09154940e+00  1.38805056e+00
  6.43194392e-02 -8.38130295e-01 -1.78032488e-01 -1.82043481e+00
 -4.99426275e-01  1.26439548e+00 -2.71240020e+00  2.36146241e-01]
