generating neighborhood - rnd
2021-05-06 01:34:15.557434: I tensorflow/stream_executor/platform/default/dso_loader.cc:48] Successfully opened dynamic library libcublas.so.10
2021-05-06 01:34:29.226743: I tensorflow/stream_executor/platform/default/dso_loader.cc:48] Successfully opened dynamic library libcudnn.so.7
Latent space
Real space
(array([0, 1, 2, 3, 5, 6]), array([ 1, 92, 35,  7, 49, 16]))
Latent space 2
synthetic neighborhood class counts {'0': 1, '1': 92, '2': 35, '3': 7, '5': 49, '6': 16}
learning local decision tree
retrieving explanation
e = {
        r = { 1 > -1.98, 211 <= 1.72, 172 <= -0.12, 188 > -1.27, 168 > -0.36, 200 <= 0.37, 39 > 0.30, 162 <= -0.99, 208 <= -1.09, 18 > 0.21 } --> { class: 6 }
        c = { { 188 <= -1.27 } --> { class: 1 }, { 172 > -0.12 } --> { class: 1 }, { 200 > 0.37 } --> { class: 1 } }
}
6 6 0.9900012089513155
[6]
[[8.1652105e-03 3.3697370e-01 5.5940591e-02 5.3364818e-04 6.7202156e-05
  7.7160820e-03 5.9047067e-01 1.3287703e-04]]
[ 2.14162320e-01  6.70514643e-01 -1.94414258e+00  1.16223347e+00
 -4.23101425e-01 -8.37348521e-01  5.75640261e-01 -2.59588420e-01
  9.30940807e-01  4.36393678e-01  6.90240860e-01 -4.72895503e-01
  7.99423754e-01 -6.22477949e-01  1.99561454e-02  1.72400028e-01
 -3.46713752e-01  8.46848488e-01  7.10748851e-01 -1.08165205e-01
 -3.98668170e-01  9.62164283e-01 -1.40696898e-01  6.73432589e-01
 -4.03104067e-01 -1.41144335e+00  9.18582678e-01  1.41718745e-01
 -1.30091941e+00  1.45130646e+00  9.95902002e-01  1.51482165e-01
  1.66328251e-02 -2.35566959e-01 -1.19592529e-02  3.39733750e-01
 -3.64643931e-02 -3.15560520e-01  1.20854461e+00  1.02570486e+00
  1.75332475e+00  2.04304114e-01 -2.34509017e-02 -7.01396465e-01
  7.88046360e-01  5.27701497e-01  5.75397611e-01 -5.66143274e-01
  2.42655184e-02 -8.00994873e-01  3.60469043e-01 -2.54064620e-01
 -3.14309299e-01 -8.78455281e-01  1.28671849e+00  4.54594970e-01
 -5.96428752e-01 -2.27703452e-02  1.22268832e+00 -7.80612409e-01
  8.94851208e-01  2.18665317e-01 -6.84796870e-01  6.04771078e-02
 -3.38999331e-01  4.71229434e-01  8.88031006e-01  4.25600082e-01
  2.36481383e-01 -1.17702864e-01 -5.01598179e-01 -4.54470217e-02
 -7.49935925e-01 -7.93686867e-01  4.42658067e-01 -7.11738288e-01
 -7.46559203e-02  3.25719833e-01  1.01781976e+00  3.16688597e-01
  2.51332760e-01  7.02448547e-01 -3.56910706e-01  2.36707240e-01
 -4.44333255e-02  2.36359978e+00 -1.52261734e-01 -1.83378056e-01
 -6.01344943e-01  7.40564585e-01  1.79367959e-01  3.35283995e-01
 -7.82571912e-01 -1.60012349e-01  4.89901900e-01 -3.05604935e-03
  1.14727437e+00 -1.18364185e-01 -3.67603809e-01 -8.65345448e-02
 -1.29155195e+00 -1.45351544e-01 -2.81140357e-01  1.05457377e+00
 -5.37073165e-02 -1.35472751e+00 -3.08657825e-01 -4.67187434e-01
 -8.43341768e-01 -5.81571817e-01 -3.21906656e-01  3.86502445e-01
 -3.57378721e-01 -3.95713538e-01  7.10021079e-01 -6.37410641e-01
 -4.59529370e-01 -2.21860671e+00  1.19449466e-01  1.22704193e-01
  2.06283316e-01  2.48532251e-01 -7.53429890e-01 -2.54447579e-01
 -1.34915113e-02 -5.75806908e-02  7.16402382e-02 -2.14165956e-01
  9.34587196e-02  1.04374838e+00  3.32683742e-01  2.11579412e-01
  1.28728151e+00 -5.91473997e-01  2.82935113e-01  1.82074949e-01
  3.93217713e-01  1.24557614e-02  1.07690983e-01  5.70554376e-01
  1.12147593e+00  1.42150593e+00  5.23745656e-01  8.40984285e-01
  9.58229721e-01 -1.28936696e+00  6.95912719e-01 -5.43930307e-02
  3.25031805e+00 -9.45239544e-01  4.05730903e-02  7.16824412e-01
 -2.70193607e-01 -8.68029520e-02  2.51069784e+00  2.28748053e-01
 -8.65507364e-01 -1.95738196e+00  1.01586652e+00 -3.66668046e-01
 -1.13492031e-02 -1.12987623e-01 -1.67652667e+00  8.71587098e-01
  5.23358047e-01 -4.94971216e-01 -2.55890172e-02  1.13631517e-01
  5.58219254e-01 -1.68820739e-01 -7.19226599e-01 -5.17638683e-01
 -3.19330275e-01 -8.14118266e-01 -3.26753855e-01 -4.37545747e-01
 -9.53761637e-01  1.17610455e+00 -2.07334921e-01  9.44115967e-02
 -1.19503364e-01  1.44191965e-01  8.50129128e-01  4.59102482e-01
  6.16106093e-01 -1.13449693e-01 -2.49429178e+00 -4.17008758e-01
 -5.50516367e-01  2.05591157e-01 -2.69885868e-01  8.59747469e-01
  4.43614721e-02  8.98756236e-02  5.36526799e-01  5.89935362e-01
 -4.65765059e-01  5.14059603e-01  1.64618599e+00  5.51592469e-01
 -7.84825206e-01  1.14466929e+00 -4.24869239e-01  1.09835729e-01
 -7.62300909e-01  7.92278111e-01  1.53371572e+00 -2.01552451e-01
 -1.20596302e+00 -1.16879737e+00  2.58945614e-01 -1.68772072e-01
 -1.13315511e+00 -8.70263278e-02 -4.63729531e-01  2.73990393e-01
 -5.47829986e-01 -7.36650646e-01 -4.70607996e-01 -1.02707595e-01
 -1.58793688e-01  5.40178597e-01  6.56085134e-01 -6.07923716e-02
 -4.97443855e-01  9.01555568e-02  1.62196681e-01 -8.83759618e-01
 -8.95644873e-02  8.04355025e-01 -1.53658557e+00 -7.61656344e-01
 -3.24251384e-01 -5.09943604e-01 -3.12714696e-01 -6.12123609e-01
 -7.07046390e-01  1.89746380e-01 -4.02195215e-01 -7.13227391e-02
 -5.70106387e-01 -2.98222542e-01  1.92576289e-01  2.84780055e-01
  6.86810911e-01 -3.73088598e-01  4.48036432e-01  4.06062901e-01
 -7.54885077e-02 -5.62119603e-01  9.56757009e-01 -1.22550201e+00
  5.19103110e-01  5.96749008e-01 -4.81058747e-01  5.21457911e-01]
