generating neighborhood - rnd
2021-05-02 19:07:14.663151: I tensorflow/stream_executor/platform/default/dso_loader.cc:48] Successfully opened dynamic library libcublas.so.10
2021-05-02 19:07:47.153186: I tensorflow/stream_executor/platform/default/dso_loader.cc:48] Successfully opened dynamic library libcudnn.so.7
Latent space
Real space
(array([0, 1, 2, 3, 5, 6]), array([  4, 244,  90,  14, 106,  42]))
Latent space 2
synthetic neighborhood class counts {'0': 4, '1': 244, '2': 90, '3': 14, '5': 106, '6': 42}
learning local decision tree
retrieving explanation
e = {
        r = { 183 > -0.21, 82 > -0.13, 209 <= -1.15, 170 > -1.04, 33 > -0.79, 89 > 0.17, 122 > -1.44 } --> { class: 2 }
        c = { { 209 > -1.15 } --> { class: 1 }, { 89 <= 0.17 } --> { class: 1 }, { 122 <= -1.44 } --> { class: 1 } }
}
2 2 1.0
[2]
[[1.2439035e-03 1.3080300e-02 9.8218644e-01 2.6010105e-06 7.4923817e-05
  3.1435681e-03 2.0791847e-05 2.4768960e-04]]
[-1.00017220e-01  7.49813795e-01 -6.94063246e-01  7.22126245e-01
 -7.61004686e-01 -9.67417896e-01 -1.31561065e+00 -3.35916638e-01
 -4.54936206e-01  7.97060728e-01  4.96019185e-01 -6.39752686e-01
  1.22612059e+00 -8.29098463e-01 -4.45855439e-01  9.15168300e-02
 -4.38332826e-01 -1.04376042e+00  6.20970011e-01  6.69201732e-01
 -1.02112436e+00  5.19110799e-01  2.40797803e-01 -6.41456246e-01
 -1.39722764e-01 -3.88737880e-02  5.62111855e-01  5.52772701e-01
  1.03639066e-03  3.76772672e-01  5.26708722e-01  4.44063157e-01
 -2.94822484e-01 -1.61525801e-01 -6.83496237e-01 -2.20838785e+00
 -5.19543469e-01 -8.56154919e-01  7.22287774e-01  5.93687236e-01
  1.21438384e+00  1.95776522e-01 -5.65217078e-01 -2.28004172e-01
  1.18276918e+00 -5.28791249e-01  1.16901815e+00 -7.96986222e-01
  4.93841544e-02 -9.77393568e-01  7.53250420e-01 -1.22844505e+00
 -2.10949278e+00  1.41149235e+00 -6.63709044e-01 -9.35439229e-01
 -8.96982014e-01 -8.94115567e-02 -7.24229038e-01 -6.74938858e-01
  1.47047400e-01  1.03395857e-01 -1.03633487e+00  2.60526061e-01
 -5.80407023e-01  6.28512725e-02  3.57355446e-01  1.32542300e+00
 -3.46279383e-01 -2.12277383e-01  1.80132553e-01  9.23840702e-01
 -7.55790055e-01  2.88422704e-01 -3.46532077e-01 -8.80154431e-01
 -8.47405374e-01  6.28078699e-01 -3.21051419e-01  7.67079473e-01
  6.76180661e-01  4.87306178e-01  3.57085437e-01  3.62309694e-01
 -6.15762830e-01 -4.16722834e-01 -4.78465796e-01  5.36233068e-01
 -1.67204154e+00 -1.42709482e+00  1.38938200e+00  1.02416301e+00
 -1.23838747e+00 -1.18802536e+00  9.66101170e-01 -2.34415144e-01
 -7.08523571e-01  1.86029375e-01 -2.22379875e+00  3.96675050e-01
 -1.89103127e+00 -6.34408474e-01 -3.28381248e-02  1.22227326e-01
 -2.87650734e-01 -4.76601899e-01 -6.20143652e-01 -3.28939378e-01
 -2.32554257e-01 -1.00333250e+00  1.82612449e-01  3.61085296e-01
 -5.28045654e-01  5.97487688e-01 -3.51043522e-01 -5.17041981e-01
  5.82493782e-01  8.40504587e-01  3.65790159e-01 -2.10391730e-03
 -1.43185765e-01  6.41796052e-01 -8.48982275e-01 -3.90517235e-01
 -2.36825228e-01 -7.25892484e-01 -2.53955901e-01 -3.01068068e-01
 -7.45901942e-01 -1.69383198e-01  5.19478261e-01  3.45325083e-01
 -1.23402441e+00 -7.94889688e-01 -7.08730668e-02 -8.11350584e-01
  1.62676603e-01 -1.95314571e-01  2.11829841e-02  7.11112976e-01
  1.18570411e+00  1.25954700e+00 -1.60474038e+00  1.89244956e-01
 -8.51108730e-02  2.50553399e-01  1.10016465e+00 -8.07019234e-01
  2.60921597e+00  9.26467955e-01  5.67826688e-01  7.77970076e-01
  1.65507630e-01 -2.17141807e-01  1.91012716e+00 -4.17765677e-01
 -5.11711061e-01 -2.51354575e-02  1.41413495e-01 -1.14228219e-01
  1.08768027e-02  4.88081932e-01 -5.39036393e-01  2.21907544e+00
  5.37949443e-01 -2.04212040e-01 -2.23591417e-01  5.28249562e-01
  1.09630299e+00 -1.08494961e+00 -6.92631781e-01  9.43703413e-01
 -7.15082765e-01 -3.35662425e-01  1.49785686e+00 -4.35891628e-01
 -9.22536194e-01  1.15516096e-01  1.98137999e-01 -1.97545671e+00
  1.11811006e+00  3.74215305e-01  5.50166249e-01  4.26140130e-01
 -3.15216351e+00 -4.66433376e-01 -1.98472455e-01  9.77355242e-01
  3.78980279e-01  1.04861856e-01 -2.01192304e-01  1.73018134e+00
  1.38078257e-01  4.63421762e-01  8.64718854e-01  6.53470159e-01
 -5.01707852e-01  1.03973949e+00  1.49337828e+00 -1.18980050e+00
  1.80450976e-01  3.78302431e+00  7.50939250e-01  9.49129164e-02
 -1.10593796e+00  4.34499204e-01  4.15593624e-01 -6.47439182e-01
 -3.61837447e-01 -1.26948023e+00  4.17543650e-01 -6.07154310e-01
 -4.05095816e-01 -1.35810018e+00 -2.00946498e+00  5.70785105e-01
 -2.91252255e-01  4.57461089e-01 -1.24430573e+00  2.46835008e-01
 -1.72035903e-01  1.01750481e+00  6.51373804e-01  6.78831458e-01
 -9.22613025e-01  4.25154746e-01 -8.71612072e-01 -1.03285098e+00
 -2.18419522e-01  1.40405941e+00  1.87351418e+00 -4.95939165e-01
  2.75698185e-01 -2.81587452e-01 -3.96047235e-01 -1.59155476e+00
 -4.66759413e-01  1.09078681e+00  1.41297385e-01  7.74687648e-01
 -1.22915304e+00  6.23960972e-01  3.23954403e-01  3.27831209e-01
  7.45835185e-01 -1.07674575e+00  9.79870558e-01  1.20504022e-01
 -2.08882958e-01 -9.20114100e-01 -1.11821890e+00 -1.11226821e+00
 -5.69617271e-01  1.50491148e-02 -4.88289416e-01  4.29711401e-01]
