generating neighborhood - rnd
2021-05-06 22:30:08.849203: I tensorflow/stream_executor/platform/default/dso_loader.cc:48] Successfully opened dynamic library libcublas.so.10
2021-05-06 22:30:28.256460: I tensorflow/stream_executor/platform/default/dso_loader.cc:48] Successfully opened dynamic library libcudnn.so.7
Latent space
Real space
(array([0, 1, 2, 3, 5, 6]), array([  2, 145,  49,  11,  70,  23]))
Latent space 2
synthetic neighborhood class counts {'0': 2, '1': 145, '2': 49, '3': 11, '5': 70, '6': 23}
learning local decision tree
retrieving explanation
e = {
        r = { 7 > -0.53, 119 > -0.80, 86 > -1.86, 211 > -0.30, 102 <= 1.26, 102 > -0.76, 137 <= 1.02, 80 > -0.81, 141 > -0.61, 142 <= 1.65, 27 <= 1.64 } --> { class: 1 }
        c = { { 102 <= -0.76 } --> { class: 6 } }
}
1 1 0.706667712805171
[1]
[[9.6686961e-09 1.0000000e+00 1.0553518e-09 2.2983284e-11 9.1135801e-09
  9.9228199e-09 3.1417181e-11 9.0133662e-13]]
[-1.01195589e-01  4.39891994e-01  5.91212034e-01  1.58577800e+00
  4.84055877e-02 -4.25547361e-01 -1.00963414e+00  9.08681750e-02
 -1.07072502e-01  7.21352696e-01  4.60587621e-01  2.06723750e-01
 -5.78198135e-02 -5.08458674e-01  5.74743688e-01  1.44368187e-02
 -3.93964291e-01  4.42133069e-01  6.13636255e-01  3.96576762e-01
 -5.33676803e-01 -3.43683481e-01 -1.93238780e-01 -3.75279993e-01
  2.06629127e-01  1.38071334e+00  1.12394571e+00 -4.51315045e-02
  1.46761596e+00  2.34284639e-01 -6.10418618e-03 -3.02170664e-01
  4.61760998e-01 -3.44197422e-01 -6.18232846e-01  1.07987559e+00
 -2.41616726e-01 -3.49034160e-01  8.04254770e-01  4.65046704e-01
  1.25883555e+00  2.89278597e-01 -1.45388529e-01 -9.37247634e-01
  9.61545408e-01 -3.37806940e-01  7.40762115e-01 -3.22173476e-01
  1.24190897e-01 -9.23575222e-01  6.50120854e-01 -6.28589809e-01
  1.45503068e+00  4.83277589e-02 -7.88764417e-01 -1.62135470e+00
 -7.53655970e-01 -6.51325047e-01 -1.46564230e-01 -5.84756196e-01
  2.78503180e-01  8.05188790e-02 -8.06044817e-01 -1.41353667e+00
 -1.13069139e-01  3.83386388e-02  7.00770736e-01  7.84308136e-01
  4.27071825e-02  4.73372266e-02 -1.29820025e+00 -6.92824662e-01
 -3.18727225e-01 -5.96628487e-02  5.75876176e-01 -8.25982332e-01
 -9.79355752e-01  8.13189924e-01  2.16846630e-01  3.54901075e-01
  1.22712564e+00 -6.03061259e-01  5.48038930e-02 -6.65800035e-01
  3.32720518e-01 -2.36029243e+00 -9.49845195e-01  9.78853852e-02
  4.68589246e-01 -1.16684854e+00  3.20378691e-01 -2.34216273e-01
 -8.69841874e-01  5.56241348e-02  4.84186500e-01 -6.20262027e-01
 -5.89157701e-01 -2.42765039e-01 -4.47527289e-01  2.88520753e-02
 -1.39969254e+00 -4.16353494e-01 -6.25291705e-01 -1.02152467e+00
 -3.13042074e-01 -1.67622209e+00 -9.81334686e-01 -3.42102557e-01
 -4.09509778e-01 -8.16142321e-01 -1.74984634e-01  2.54193813e-01
 -3.01738381e-01 -2.11665779e-03  2.69046754e-01 -5.66008806e-01
 -6.52351975e-03  1.57913044e-01  5.59239760e-02  3.80415857e-01
  2.36909091e-01  1.33734345e-01 -7.82318592e-01 -4.57276314e-01
 -3.11920375e-01 -1.23228312e-01  1.39309615e-01 -5.74336410e-01
  3.36303800e-01 -5.63923717e-01  6.69499159e-01  2.14179611e+00
  2.38761687e+00  5.51393107e-02  8.25059891e-01 -1.49132490e-01
  6.11018538e-01  6.22985438e-02 -1.22133744e+00  1.64114928e+00
  8.91715825e-01  1.28011107e+00 -1.45456517e+00  4.33593571e-01
  1.86531997e+00 -9.08717632e-01  1.95164800e+00  1.67012006e-01
  4.79809344e-01 -1.02661431e+00  4.34647799e-02  9.66991067e-01
  1.63932920e-01  6.14088103e-02  1.33706498e+00  2.66815349e-03
 -8.65055144e-01  1.11008453e+00 -4.68192995e-03 -1.51181415e-01
 -4.95668128e-02  1.89457536e-01  4.83765602e-01  8.19930971e-01
  1.57303497e-01 -4.70598042e-01 -4.47814286e-01  1.70245439e-01
  5.98868251e-01 -4.76819754e-01 -3.54204273e+00  9.36650753e-01
 -6.18091404e-01 -2.28956982e-01 -1.31997037e+00 -2.03680366e-01
 -6.96244836e-01 -1.68910652e-01 -1.04156271e-01  6.54581726e-01
 -1.51961160e+00  3.79735112e-01  7.50618219e-01 -1.59288019e-01
 -1.81216645e+00 -5.04847050e-01  7.69571781e-01  1.26239777e+00
 -2.05651426e+00  4.46681499e-01  2.07424700e-01  5.21817982e-01
 -7.87174582e-01  2.31790453e-01 -3.10710490e-01  3.83712798e-01
 -1.15759182e+00  9.02789950e-01  1.73796105e+00  1.28482127e+00
 -2.09778190e-01 -1.21732163e+00  1.43718672e+00 -5.92838228e-02
 -6.46172106e-01  5.75960875e-01  1.42623866e+00 -1.23982772e-01
 -6.84390545e-01 -1.20658255e+00  2.24754155e-01  2.05251649e-01
  1.21974015e+00 -8.10336351e-01  6.17898822e-01  6.49310708e-01
 -2.45162860e-01  9.47253704e-02 -4.28490162e-01 -2.27162614e-03
 -1.38137266e-01  1.12208807e+00  5.40046573e-01  3.54189157e-01
 -1.56592178e+00 -3.62917334e-02 -1.74741775e-01 -5.71167469e-01
  8.06306601e-01  7.28488088e-01  1.28807282e+00 -7.91146934e-01
 -8.71693492e-01 -5.75251639e-01 -5.59219956e-01 -3.50400507e-01
  9.99114335e-01  6.77549958e-01 -3.21052641e-01  1.47812057e+00
  2.62175131e+00  1.81796774e-01 -4.23653245e-01  3.42867643e-01
  9.97610986e-01 -3.71966600e-01  9.30122554e-01  3.32303643e-01
  2.19380438e-01 -4.64263350e-01 -3.68184119e-01 -5.76739073e-01
 -1.04273826e-01  7.69141257e-01 -5.76870978e-01  3.37405890e-01]
