generating neighborhood - rnd
2021-05-05 03:53:26.887097: I tensorflow/stream_executor/platform/default/dso_loader.cc:48] Successfully opened dynamic library libcublas.so.10
2021-05-05 03:53:43.300896: I tensorflow/stream_executor/platform/default/dso_loader.cc:48] Successfully opened dynamic library libcudnn.so.7
Latent space
Real space
(array([0, 1, 2, 3, 5, 6]), array([  7, 488, 181,  32, 194,  98]))
Latent space 2
synthetic neighborhood class counts {'0': 7, '1': 488, '2': 181, '3': 32, '5': 194, '6': 98}
learning local decision tree
retrieving explanation
e = {
        r = { 7 > -0.42, 137 <= 0.67, 204 <= 2.06, 204 > 0.07, 167 > 0.32, 206 > -1.33, 223 <= 0.95, 177 > -1.61, 117 <= 1.47, 143 <= 1.31, 172 <= 1.67, 100 <= -1.85 } --> { class: 0 }
        c = { { 100 > -1.85 } --> { class: 1 }, { 167 <= 0.32 } --> { class: 1 }, { 137 > 0.67 } --> { class: 1 } }
}
0 0 0.9840004521439846
[0]
[[4.1704991e-01 3.9932969e-01 1.0652759e-03 9.5375617e-07 2.6751816e-04
  1.8228255e-01 5.7115153e-07 3.4539514e-06]]
[ 4.06676590e-01  1.66324651e+00 -2.98202395e-01  1.27314544e+00
 -2.47966099e+00 -9.32459652e-01  3.14025760e-01 -2.89413750e-01
  9.95827317e-02  5.11801779e-01  6.33748651e-01 -1.18525553e+00
 -6.62470698e-01 -6.45308793e-01 -8.42727907e-03  3.72580200e-01
 -6.71917856e-01  2.39022422e+00  7.03538120e-01  7.99227178e-01
 -1.17833257e-01 -3.51245075e-01  3.80280912e-01 -1.81546450e-01
  5.30766189e-01 -3.21795195e-01  1.01285982e+00  5.18904686e-01
  8.60110164e-01  1.69940978e-01 -7.36400127e-01  1.21535242e+00
  9.70297515e-01  7.88550675e-02 -6.54145896e-01  4.67867374e-01
 -3.95469904e-01 -2.49291837e-01  5.80334544e-01  7.11965501e-01
  5.07752895e-01  1.14462256e-01 -5.12082338e-01 -2.97583610e-01
  1.39794731e+00 -6.24306202e-01  1.78988314e+00 -4.14592177e-01
 -1.71812654e-01  4.83966827e-01  5.65557480e-01 -2.12653041e-01
 -8.77195835e-01 -1.27265975e-03  2.59578109e-01  2.14589387e-02
 -1.52460015e+00 -5.14759421e-01  7.76820660e-01 -4.91207868e-01
 -5.70338011e-01  6.07735217e-01 -7.13416874e-01  4.63523269e-01
 -5.05557001e-01  2.80874133e-01  3.07081312e-01  1.52036548e+00
  2.95132160e-01  7.15330765e-02 -6.82183385e-01  1.18706608e+00
 -1.63309240e+00 -2.80032992e-01 -5.20995080e-01 -5.37098289e-01
 -1.17178857e+00  8.64164829e-01  5.69188595e-02  1.21815540e-01
 -7.29901314e-01 -1.31803823e+00  7.43633568e-01  9.22583163e-01
 -5.10987997e-01 -1.20493531e-01 -6.18982315e-01  6.64400637e-01
 -1.36952591e+00 -7.64564097e-01 -4.75062311e-01  1.19943246e-01
 -1.91118360e+00 -1.27827621e+00  3.05800676e-01 -5.16442835e-01
  1.11829615e+00 -9.12763327e-02 -1.01522362e+00  1.74518418e+00
 -2.02570510e+00 -8.41731250e-01 -7.75132477e-02  7.17756808e-01
 -7.17363179e-01 -2.11350727e+00 -1.14962316e+00 -4.16579247e-02
 -9.08090830e-01 -8.81148994e-01 -3.87697875e-01  5.45407772e-01
  2.44696170e-01  6.52861118e-01  1.13849306e+00 -9.17072177e-01
  1.15621853e+00  3.09568852e-01  1.88362315e-01 -3.86829637e-02
  1.37244368e+00  6.12561285e-01 -8.88274014e-01 -5.21609128e-01
 -3.66089404e-01 -4.67416406e-01  9.08876538e-01  9.87561699e-03
 -9.31100130e-01 -4.48680311e-01  8.73287916e-01  7.28201151e-01
 -4.57407445e-01 -9.11289871e-01  4.47437525e-01  2.23219395e-05
  3.15035880e-02  1.94532245e-01 -1.05486381e+00  9.13875401e-02
  1.20361865e+00 -1.60158896e+00  1.08797550e+00 -1.28831372e-01
  2.39884913e-01 -1.59916133e-01  5.25140107e-01 -2.47026220e-01
  2.33859873e+00  1.57885849e+00  1.26213163e-01  9.53861058e-01
  2.91282952e-01 -6.05857968e-01  8.26464355e-01 -1.31363263e-02
  6.24560356e-01  9.40381885e-01 -8.81675959e-01 -1.50335121e+00
  1.53585151e-01 -1.00459909e+00 -1.57230377e-01  2.37430382e+00
  1.47382569e+00 -3.90481949e-01 -9.89075482e-01  4.11819905e-01
  5.74546576e-01 -1.28538251e+00 -1.05124569e+00  2.57993877e-01
 -7.52806783e-01 -5.33552825e-01  1.30044436e+00  2.86718249e-01
 -1.42980671e+00 -1.17670131e+00  4.01635356e-02 -4.85914409e-01
 -1.06265986e+00  6.70044899e-01  4.57328886e-01  4.48490798e-01
  2.20347118e+00 -6.07023895e-01  1.94741297e+00  1.68531269e-01
 -1.23878098e+00 -3.35009962e-01 -4.01285499e-01  2.49388027e+00
 -7.46030569e-01  3.40604156e-01  7.34003961e-01  3.77938688e-01
 -6.96221650e-01  1.87055826e+00  1.64708769e+00  8.71262610e-01
 -2.77273953e-01  1.44734430e+00  1.19795275e+00 -1.16896427e+00
  8.62468004e-01  8.70994925e-01  2.25875592e+00 -8.40650082e-01
 -9.30953979e-01 -9.19689000e-01  1.35407206e-02 -1.13455713e+00
 -2.20911369e-01 -1.34866261e+00 -3.93509865e-01  5.53739250e-01
 -4.89564985e-01 -4.82783139e-01 -1.14745879e+00 -8.18500102e-01
 -2.76669890e-01  6.73485696e-01  4.75173831e-01  6.97345614e-01
 -3.09351951e-01 -4.50590551e-02 -2.30245724e-01 -7.83159673e-01
  6.15941405e-01  1.44865322e+00  9.21034217e-01 -1.08902836e+00
  2.55477428e-03 -2.04010397e-01  2.38286480e-01 -5.65571427e-01
 -6.35466099e-01  6.12796128e-01  2.76399106e-01  1.44993448e+00
 -1.89694345e+00  9.65112269e-01  1.56829834e-01 -8.12485993e-01
  1.37177777e+00 -1.48796642e+00  1.12519479e+00  1.04545557e+00
  1.59138143e-01 -7.56356597e-01  1.23115599e-01 -1.37069798e+00
 -4.56314608e-02  8.02857995e-01 -8.11177433e-01 -1.03852177e+00]
