generating neighborhood - rnd
2021-05-06 22:24:16.527275: I tensorflow/stream_executor/platform/default/dso_loader.cc:48] Successfully opened dynamic library libcublas.so.10
2021-05-06 22:24:35.678105: I tensorflow/stream_executor/platform/default/dso_loader.cc:48] Successfully opened dynamic library libcudnn.so.7
Latent space
Real space
(array([0, 1, 2, 3, 5, 6]), array([  2, 145,  49,  11,  70,  23]))
Latent space 2
synthetic neighborhood class counts {'0': 2, '1': 145, '2': 49, '3': 11, '5': 70, '6': 23}
learning local decision tree
retrieving explanation
e = {
        r = { 7 <= -0.53, 67 > 0.12, 139 > -0.78, 14 <= -0.03, 187 > -0.56, 135 <= -0.22 } --> { class: 1 }
        c = { { 14 > -0.03 } --> { class: 5 } }
}
1 1 0.8066743141671348
[1]
[[6.5124601e-02 9.3313998e-01 3.3892964e-05 2.9356932e-09 8.5196749e-05
  1.6160766e-03 1.1887806e-07 2.1534897e-08]]
[-6.98910579e-02  1.20887101e+00  1.43984234e+00  1.71518445e+00
 -1.49274766e-01 -4.17447627e-01 -4.50780451e-01 -8.56533170e-01
 -2.66068637e-01  5.68134487e-01  6.43233836e-01 -7.55706906e-01
 -2.63644785e-01 -5.32365084e-01 -3.88686478e-01  3.66075039e-01
 -2.82342017e-01  4.56859827e-01  9.58706260e-01 -6.32474899e-01
 -1.29263484e+00 -1.07240438e+00 -3.34707022e-01 -2.09888011e-01
  5.88225365e-01  2.19936132e+00  1.01022792e+00 -2.00189769e-01
  1.93065608e+00  1.65015340e-01  3.77193719e-01  7.38125861e-01
  8.44719708e-01  3.77738662e-03 -8.42209518e-01  1.87666237e+00
 -1.06497649e-02 -6.38779551e-02 -2.86721706e-01  4.49215293e-01
  1.38091540e+00 -1.49374567e-02 -5.84838465e-02 -6.27983585e-02
  1.16855586e+00 -8.89721453e-01  1.67237675e+00 -4.39822674e-04
  2.65693933e-01 -1.07298601e+00 -6.03763461e-02 -6.94133997e-01
  7.97481000e-01  1.81584746e-01 -1.38573837e+00 -1.13708889e+00
 -4.36948568e-01 -3.03624094e-01 -5.78212440e-02 -8.22363675e-01
  2.62554467e-01 -2.82724649e-01 -1.48206580e+00 -1.04763210e+00
 -1.11445099e-01  7.24258497e-02  9.22044396e-01  8.80883038e-01
 -1.74113736e-01 -8.28800738e-01 -6.98973536e-01 -8.59362721e-01
 -7.08766162e-01 -1.84460402e-01  1.25426722e+00 -5.08191943e-01
 -3.41232896e-01  9.46862340e-01  1.79056093e-01  2.41475493e-01
  5.43117702e-01 -5.55814385e-01  1.08605184e-01 -1.20168209e+00
 -3.77373695e-01 -3.81080389e+00 -5.09612381e-01  8.85759175e-01
  5.04853129e-01 -1.63541996e+00  1.86274722e-02 -1.53274655e-01
 -9.70135093e-01 -5.57987809e-01  8.82736921e-01 -1.07051277e+00
 -7.88921893e-01  1.81797579e-01 -1.86960876e-01  2.63201147e-02
 -1.27201211e+00 -3.63961041e-01 -1.87628567e-02 -6.69209003e-01
  1.01279188e-02 -1.39749086e+00 -9.02603507e-01  5.86715527e-02
 -1.56978893e+00 -1.23738444e+00 -9.10208881e-01  1.81640163e-01
 -1.59557089e-01  9.44350362e-02  3.05839747e-01 -1.26287305e+00
 -1.09380871e-01  3.10708225e-01  2.29065269e-01 -4.27639216e-01
  1.55566595e-02 -3.17076966e-02 -8.39141428e-01  7.39009202e-01
 -3.78586888e-01 -5.69686413e-01  1.88334435e-01 -6.73779249e-01
  1.92343503e-01 -7.30172396e-01  6.57262564e-01  1.89709437e+00
  1.84470320e+00 -1.20172620e+00  1.37368888e-01 -9.35553312e-01
  4.66951400e-01  7.13536143e-02 -9.84683275e-01  1.75188041e+00
  8.63570452e-01  1.98988748e+00 -1.95626450e+00  4.24266130e-01
  3.24389338e+00 -1.12961674e+00  1.43745852e+00  1.54869169e-01
  6.15826607e-01 -1.73004603e+00 -4.42607313e-01  8.53898108e-01
  2.23838061e-01 -6.48190379e-01  1.93879867e+00 -2.68953025e-01
 -8.52954388e-02  7.87138820e-01  5.16857803e-01 -3.27340364e-01
  4.20167327e-01  8.84182036e-01  6.46561146e-01  1.46207380e+00
  5.75336814e-01 -4.47218120e-01 -6.71224415e-01  2.30279922e-01
  5.08172214e-01 -9.79353130e-01 -3.43590379e+00  5.00822663e-01
 -8.42988551e-01 -9.96807665e-02 -1.50356257e+00 -3.64140451e-01
 -1.01155257e+00 -3.21453810e-01 -2.60895696e-02  7.91746736e-01
 -1.13083196e+00  5.37503585e-02  2.77161062e-01 -1.16397075e-01
 -2.24647284e+00 -7.01204598e-01  6.56034350e-01  8.51926446e-01
 -2.14501524e+00  4.49202657e-01  7.24956617e-02  1.51580453e+00
 -3.75003397e-01  1.14692718e-01  1.00555789e+00 -3.38330790e-02
 -4.04933929e-01  1.07857585e+00  1.60134161e+00  2.12002134e+00
  5.32628357e-01 -8.39787245e-01  8.98801923e-01  5.54509461e-02
 -1.17214143e+00  3.24900389e-01  1.96292591e+00 -1.03863120e-01
 -1.39257848e+00 -1.54596567e+00  9.41430777e-02 -8.97510052e-01
  1.53223288e+00 -4.90807414e-01  4.86630619e-01  6.75897062e-01
  1.01946227e-01  7.25427508e-01 -1.51510000e+00  4.89763319e-01
  1.86206907e-01  7.87240207e-01  5.30509353e-01  2.29107887e-01
 -2.85779619e+00 -6.21058404e-01 -6.38890445e-01 -1.38412952e+00
  5.10072947e-01 -4.94246185e-03  6.51387691e-01  1.39501527e-01
 -5.81561685e-01 -1.03307021e+00  4.51512605e-01 -1.86256111e-01
  4.45723176e-01  6.14667237e-01  3.64877611e-01  1.04286957e+00
  1.89190173e+00  2.17370242e-01 -6.63698912e-01  1.19637817e-01
  5.96625686e-01 -9.65110838e-01  3.50821733e-01  2.01027960e-01
 -2.13778585e-01 -2.72528619e-01  2.73297459e-01 -1.51681459e+00
  1.20100871e-01 -2.99977005e-01 -4.64237243e-01 -1.11540586e-01]