generating neighborhood - rnd
2021-05-06 22:11:06.292174: I tensorflow/stream_executor/platform/default/dso_loader.cc:48] Successfully opened dynamic library libcublas.so.10
2021-05-06 22:11:25.373437: I tensorflow/stream_executor/platform/default/dso_loader.cc:48] Successfully opened dynamic library libcudnn.so.7
Latent space
Real space
(array([0, 1, 2, 3, 5, 6]), array([  2, 145,  49,  11,  70,  23]))
Latent space 2
synthetic neighborhood class counts {'0': 2, '1': 145, '2': 49, '3': 11, '5': 70, '6': 23}
learning local decision tree
retrieving explanation
e = {
        r = { 7 > -0.53, 119 > -0.80, 211 <= -0.30, 168 > -1.20, 201 <= 1.37, 201 > -1.88 } --> { class: 1 }
        c = { { 211 > -0.30 } --> { class: 5 }, { 7 <= -0.53 } --> { class: 5 }, { 201 > 1.37 } --> { class: 5 } }
}
1 1 0.8066728836360333
[1]
[[2.19803042e-07 9.99999046e-01 6.84576378e-07 2.32486573e-15
  2.84183113e-08 6.32651449e-15 2.83076062e-17 1.02371715e-17]]
[-0.31130335  0.29892635  0.12287116  1.350997   -0.2895113   0.04491156
 -0.33394697 -0.5664013   0.13201395 -0.2571436   1.1058873  -1.0757451
  0.08029824 -0.7656622  -0.36256912  0.30097374 -0.04517116  0.36752835
  0.3439469  -0.32273746 -1.3642502  -1.0946703  -0.20886973 -0.17410284
  0.9369314   1.7573818   0.9472513   0.13325815  1.6068672   0.39899153
 -0.35700485  0.12512287  0.6432827   0.07131137 -1.3387697   1.3212774
 -0.2881677  -0.99071413 -0.47266138  0.4466297   1.4754498  -0.55626535
 -0.02895507  0.28723446  1.4703048  -1.8193812   1.7253847   0.05957723
 -0.0228106  -1.1073213   0.12051518 -0.12771887  0.26889616  0.11603584
 -0.74049616 -1.1433347  -0.30690056 -0.40322495 -0.01473734 -1.3545345
  0.8813037  -0.62031335 -1.4602926  -0.7778461   0.33390582 -0.13721651
  1.0108776   1.1343063  -0.33571842 -0.77835715 -0.68980515 -0.48610264
 -0.51513815 -1.003554    0.04773483 -0.64583147 -0.8333686   1.4345789
  0.2217617   0.06046478 -0.09255606 -0.692966    0.7785347  -0.7542329
 -1.4876477  -2.752605   -1.0227846   1.1005429  -1.0761907  -1.0175041
  0.1697332   0.37426928 -0.87718123 -0.4962651   1.414408   -0.4657527
 -0.43150088 -0.31855524  0.213121    0.37438294 -0.6169059  -0.6598434
  0.16734147 -0.18086734 -0.12506694 -1.2699137  -0.7203866  -0.18694472
 -1.236086   -0.820439   -0.722418   -0.00825691  0.24725997  0.53101194
  0.19059315 -0.71007586  0.5182927   0.11477345  0.05974845 -0.38096452
 -0.03897481  0.6684321  -1.3562237   0.52998304 -0.18628618 -0.45107943
  0.42680037 -0.66788536  0.37637848 -0.73617554  1.242067    1.529172
  1.0288087  -0.95880157  0.76018894 -1.3014768   0.70264703 -0.6664367
 -0.5644948   1.9643543   0.97972864  1.0470965  -1.8424513   0.16141313
  2.209382   -0.10007697  1.4412966   0.01891763  0.9051187  -1.2466726
  0.29627424  1.5376904   0.09106899 -0.6535074   1.4805675  -0.01247565
  0.8766455   0.6682931   0.25118348 -0.2208448  -0.6318377   0.5599012
  0.55333084  1.7999866   0.27788967 -0.18468593 -0.58840317  0.5526698
  0.5999025  -1.5075271  -2.3310509   0.7129274  -0.5492227  -0.40344268
 -0.49130577 -0.26468414 -0.84128624 -0.71810436 -0.62304527  0.6711407
 -1.1604426   1.1236433   0.8013581  -0.32297328 -2.0120974  -0.13916041
  0.24266136  0.50450116 -1.7888      0.36752594 -0.39398926  1.9633787
 -0.8564052  -0.44406998  1.5177813   0.15113708 -0.5159449   0.8970334
  1.5786358   1.7764672   0.16854218 -0.10366839  0.50982875 -0.2938367
 -0.46600944  0.346303    1.4896481   0.10605349 -1.0259523  -1.49305
  0.32626283 -1.0685681   1.0763352  -1.6107438  -0.09238076  0.58077645
 -0.04212843  0.32618302 -1.1804492   0.15894364 -0.06428217  0.68298334
  0.5919079   0.4261607  -1.654369   -0.1272762  -0.7442364  -2.0728633
  0.6813561   0.07144387  0.51423407  0.2896421  -1.1591396  -0.88876694
  0.11640984 -0.37575263  0.27229494  0.12041485 -0.05195004  1.133249
  0.9536785   0.3933489  -0.45113885 -0.00370185  1.091065   -1.4798222
  0.35685965  0.09451839 -0.6759037   0.7015342   0.22349454 -0.43026927
 -0.47847813 -0.1956892  -0.5514449  -0.29053432]
