generating neighborhood - rnd
2021-05-02 16:15:44.100915: I tensorflow/stream_executor/platform/default/dso_loader.cc:48] Successfully opened dynamic library libcublas.so.10
2021-05-02 16:15:51.556334: I tensorflow/stream_executor/platform/default/dso_loader.cc:48] Successfully opened dynamic library libcudnn.so.7
Latent space
Real space
(array([1, 2, 3, 5, 6]), array([41, 18,  4, 26, 11]))
Latent space 2
synthetic neighborhood class counts {'1': 41, '2': 18, '3': 4, '5': 26, '6': 11}
learning local decision tree
retrieving explanation
e = {
        r = { 108 <= 1.64, 7 <= 0.90, 187 <= 0.27, 53 > -0.98, 88 <= 1.23, 2 > 0.98, 52 <= 0.09 } --> { class: 1 }
        c = { { 2 <= 0.98 } --> { class: 2 } }
}
1 1 1.0
[1]
[[1.1013478e-02 9.8814702e-01 1.6177057e-05 7.2336048e-10 8.2233472e-04
  1.0546572e-06 6.3558120e-10 9.5991770e-10]]
[ 3.62191319e-01  8.65041316e-01  1.72680926e+00  2.67894459e+00
 -3.75472784e-01 -2.16507494e-01 -3.11901808e-01 -1.80063581e+00
 -3.76041800e-01  3.45429361e-01  9.82014954e-01 -7.97931075e-01
 -1.19259810e+00 -1.00400710e+00 -5.46573699e-01  1.01489627e+00
  4.98955995e-01  8.60959888e-01  2.25261807e-01 -1.08176863e+00
 -1.99165666e+00 -7.29714274e-01 -7.64878631e-01  3.81090403e-01
  1.19068408e+00 -3.81528568e+00 -5.20819426e-02 -4.50981617e-01
 -5.19934058e-01 -3.19426447e-01  8.17692339e-01  2.02817702e+00
  3.18107247e-01  1.20683752e-01 -1.11701059e+00 -4.02660102e-01
 -3.90484303e-01  5.79736754e-03 -1.25514770e+00  4.70474333e-01
  7.83562839e-01  1.35793895e-01  5.09658694e-01  2.08882242e-01
  8.99955869e-01 -1.94470441e+00  1.72494030e+00 -6.11425042e-01
 -4.51781511e-01 -1.10419118e+00 -3.75657350e-01  5.67596853e-02
 -1.89791703e+00  5.77615499e-01  1.12837285e-01 -1.49297369e+00
 -1.16139784e-01 -9.86025810e-01  1.44184399e+00 -5.13157368e-01
 -1.00195050e+00 -1.31750226e+00 -9.03942287e-01 -5.94662309e-01
 -5.40058076e-01  3.76270562e-01  1.51926291e+00  9.80349481e-01
 -1.05713397e-01 -1.07684886e+00  5.19420564e-01 -6.99604452e-01
 -1.11163616e+00 -1.15337312e-01  5.32992065e-01 -7.79827356e-01
  1.39837153e-03  6.38515234e-01  1.06332922e+00 -1.54821761e-02
 -8.23046803e-01 -1.44544601e+00 -2.66038477e-01 -1.81943774e-01
 -1.71631239e-02 -1.01616120e+00 -4.51179713e-01  7.90331662e-01
 -6.47577107e-01  2.11145186e+00  4.49865997e-01  4.31461483e-02
 -1.90233696e+00 -5.11732638e-01  6.58265233e-01 -1.33744013e+00
 -7.61479855e-01  2.76214063e-01 -1.12589288e+00 -8.45574796e-01
 -6.68483496e-01 -1.50603318e+00  8.74384284e-01  3.96221995e-01
  7.03400135e-01  7.81880856e-01 -1.20975375e+00 -6.14069123e-03
 -1.68216908e+00 -1.28316927e+00 -1.37452424e+00  2.41359890e-01
  1.64767385e-01 -1.37599362e-02  1.14658093e+00 -8.32485020e-01
 -2.98343778e-01 -1.48765969e+00  2.31026292e-01 -5.97869158e-01
 -8.21934402e-01 -9.07391608e-02 -3.04950297e-01  1.21068692e+00
 -3.98168504e-01 -1.47792622e-01 -2.06261063e+00  1.18888669e-01
 -8.55312496e-03 -1.93896592e+00  9.84234691e-01  1.28542972e+00
 -5.72738886e-01 -1.30967534e+00  3.34544271e-01 -8.28516781e-01
  6.75386339e-02  1.04298659e-01  6.99570358e-01  1.74058437e+00
  1.17851365e+00  2.45053530e+00 -2.39922476e+00  1.23250043e+00
 -4.64681327e-01 -6.44211054e-01 -5.23234844e-01  3.28686416e-01
 -7.14635551e-01 -6.07879996e-01 -2.81079292e-01  7.22558200e-01
 -6.90433085e-02 -3.32975425e-02  7.35351086e-01 -3.95886600e-01
  1.60181868e+00  1.42856634e+00  1.78261459e-01 -6.35598779e-01
  9.69050884e-01  5.79712749e-01 -6.33904755e-01  1.42707276e+00
  1.67222691e+00 -5.70396245e-01 -3.66436429e-02  2.72214320e-02
  6.39696717e-01 -1.14282095e+00 -9.63184714e-01  1.46241575e-01
 -5.95031440e-01 -3.41596395e-01  2.05501318e-01 -3.27538490e-01
 -1.28691757e+00  1.57281250e-01  6.75677732e-02 -3.86025608e-01
  1.66770652e-01 -4.20986786e-02 -6.06030822e-01  5.11001498e-02
  6.54057622e-01 -1.02072692e+00  9.12991405e-01  1.87436745e-01
 -9.49167252e-01 -1.50112808e-01 -8.56630325e-01  2.11144209e+00
  9.63174701e-01 -2.97730327e-01  2.18763161e+00 -2.28246391e-01
 -2.84789324e-01 -4.95659649e-01  7.79897034e-01  1.25706232e+00
  5.20522118e-01 -1.66889143e+00 -1.67032301e-01 -1.00171410e-01
  1.26033604e-01  2.27275267e-01  1.16371679e+00 -3.85390848e-01
 -1.39493692e+00 -6.90922797e-01  2.84602702e-01 -1.75122416e+00
  1.56221256e-01 -1.65764187e-02 -6.83565199e-01  2.15036646e-01
  1.06594339e-01  1.18738979e-01 -1.74022400e+00  2.94409245e-01
 -2.00053453e-01  1.35026813e+00 -3.60784471e-01  3.09085131e-01
 -4.04760957e-01 -3.16143900e-01 -2.37079754e-01 -2.45818877e+00
  5.20770550e-01 -6.83485717e-02  1.13204420e-01  8.36901486e-01
  1.10521920e-01 -6.61705256e-01  1.08740079e+00 -1.61913002e+00
 -6.45735264e-01  6.76877379e-01  1.19051743e+00  6.62126541e-01
 -1.85331821e-01  3.28466371e-02  1.31271315e+00 -5.70687130e-02
  1.44850624e+00 -2.23783278e+00  6.54559076e-01  2.46472165e-01
 -6.34130120e-01  2.87048697e-01  4.56490964e-01 -1.27452075e+00
  3.11390698e-01 -4.09222335e-01 -4.99461561e-01  4.21055138e-01]
