generating neighborhood - rnd
2021-05-06 02:38:17.362334: I tensorflow/stream_executor/platform/default/dso_loader.cc:48] Successfully opened dynamic library libcublas.so.10
2021-05-06 02:38:24.707805: I tensorflow/stream_executor/platform/default/dso_loader.cc:48] Successfully opened dynamic library libcudnn.so.7
Latent space
Real space
(array([1, 2, 3, 5, 6]), array([40, 18,  4, 26, 12]))
Latent space 2
synthetic neighborhood class counts {'1': 40, '2': 18, '3': 4, '5': 26, '6': 12}
learning local decision tree
retrieving explanation
e = {
        r = { 108 <= 1.64, 7 <= 0.90, 187 <= 0.27, 53 > -0.98, 88 <= 1.23, 28 > 0.69 } --> { class: 6 }
        c = { { 7 > 0.90 } --> { class: 1 }, { 108 > 1.64 } --> { class: 1 }, { 53 <= -0.98 } --> { class: 1 } }
}
6 6 0.8599973980547176
[6]
[[0.03085384 0.16481087 0.23237263 0.04600042 0.00839377 0.00886105
  0.49174026 0.01696726]]
[-2.19294667e-01  3.11929256e-01  1.16394424e+00  1.90096927e+00
  7.18917251e-02 -6.30733788e-01 -1.16476643e+00 -5.36288261e-01
  6.51062667e-01  6.83287233e-02  2.72069037e-01 -4.90157604e-02
 -7.21884489e-01 -4.61357325e-01  3.22625756e-01  2.03394979e-01
  5.42147979e-02  3.56388152e-01 -1.15556672e-01 -2.48383641e-01
 -2.46208474e-01 -1.08374864e-01 -3.36303145e-01 -8.34898174e-01
  2.46908575e-01 -3.31668067e+00 -7.11312294e-02 -1.95407704e-01
 -7.82198310e-01 -1.09005523e+00  2.41171643e-01  2.79038608e-01
 -7.86654353e-02  1.44876242e-01  1.14774510e-01  8.56856108e-02
  4.84686911e-01 -6.62296414e-01  3.83379996e-01  8.92615199e-01
  4.06338871e-01  2.84401357e-01  5.48981577e-02 -2.09530205e-01
  3.89205813e-01 -5.71854293e-01  6.49064004e-01 -8.04415286e-01
  2.01717317e-01 -3.40603702e-02  5.84558964e-01  3.42161000e-01
 -2.40245485e+00  7.49673605e-01  1.66765600e-02 -1.31566250e+00
 -2.51416624e-01 -9.54969168e-01  1.12325728e+00  1.55309319e-01
 -7.63656020e-01  3.20913494e-02 -7.73102283e-01 -6.73742115e-01
  3.95793498e-01 -2.22040415e-01  4.02399838e-01  3.38394254e-01
 -4.60541010e-01 -7.00343251e-01  3.81884098e-01 -8.58198464e-01
 -4.16765660e-02  7.28160739e-02  1.18410110e+00 -5.67965448e-01
 -8.05552125e-01 -5.31814843e-02  4.55883265e-01 -2.65670538e-01
 -1.22984350e-02 -1.04829633e+00 -2.27694437e-01  6.89001799e-01
  3.66789132e-01 -2.56525427e-01  4.76252586e-01  3.06192189e-01
 -7.11670995e-01  2.12390423e+00 -2.35880822e-01  6.22569621e-02
  3.83780301e-01 -5.63269079e-01  1.75213248e-01 -2.71785676e-01
 -3.57961833e-01 -2.34652638e-01 -1.22486687e+00 -5.41676104e-01
 -7.48441219e-01 -1.89102843e-01  3.88518274e-02 -3.52344632e-01
  2.73318619e-01  1.41568017e+00 -1.28877318e+00  2.94156373e-01
 -3.45241904e-01 -8.81843567e-01 -2.92916924e-01  2.02549577e-01
 -6.17186427e-01 -1.08267441e-01  2.09699202e+00 -4.05223548e-01
  2.30489671e-01 -7.48210013e-01  6.87714368e-02  1.99436814e-01
 -1.66543752e-01  5.63557148e-01 -2.23141938e-01 -5.87897524e-02
  6.72070026e-01 -1.52670205e-01 -2.26379633e+00 -1.78463235e-01
  4.34970796e-01 -1.94783020e+00  2.39179451e-02  2.37567633e-01
 -7.40869880e-01 -8.75963092e-01 -1.95986882e-01 -3.42672229e-01
 -4.99506801e-01  2.87948221e-01  1.12783492e-01  1.01128328e+00
  5.61545730e-01  2.16619754e+00 -2.09450746e+00  7.49756545e-02
 -1.17071354e+00  3.42305511e-01 -2.70108879e-02 -3.96503508e-02
 -1.22675264e+00  7.19446301e-01  5.49644947e-01  1.26663172e+00
 -7.38631904e-01 -6.10754341e-02  3.24115574e-01 -1.64274648e-01
  4.60344613e-01  1.35240138e+00 -1.26657546e-01 -6.94770396e-01
  2.20296979e-02  6.92538396e-02 -1.16884434e+00 -9.53959525e-02
  9.47408617e-01 -4.44344044e-01 -2.21825510e-01  4.76487279e-01
  3.54353547e-01 -3.40117812e-01 -5.69594264e-01  8.66861224e-01
 -7.41408408e-01  2.71864235e-01 -7.94444025e-01 -5.54983437e-01
 -4.78836387e-01  5.58854103e-01 -2.48833030e-01 -1.45424461e+00
  4.49127853e-01  3.26572746e-01 -3.20071757e-01 -4.18986410e-01
  6.30357027e-01 -4.07274425e-01  4.69895303e-01 -5.31384945e-02
 -9.79934216e-01  6.76458240e-01 -5.75674847e-02  6.03721559e-01
  9.07187462e-01  1.43225238e-01  4.28512007e-01  1.82309672e-01
 -5.88247418e-01 -9.11582410e-01  1.26422513e+00  7.59314656e-01
 -5.46109676e-01 -9.39828098e-01  1.28925651e-01 -1.33843824e-01
  9.99396086e-01  2.63143957e-01  7.00395942e-01  7.97155872e-02
  1.59959361e-01 -4.80221540e-01  2.26986289e-01 -4.12658006e-02
  3.16970125e-02 -4.44296539e-01 -1.68093717e+00 -2.57908970e-01
 -1.99675262e-02 -1.41234603e-04 -2.05468893e-01  3.48092973e-01
 -1.62806362e-01  1.03997064e+00  1.83858827e-01 -2.71693617e-01
  1.35297984e-01 -1.68191254e-01 -1.38341144e-01 -3.55021298e-01
  3.95777345e-01  5.92039704e-01 -4.13373083e-01 -6.21137768e-02
 -4.77540433e-01 -6.85547352e-01 -3.79694790e-01 -6.21949673e-01
 -3.56206417e-01 -7.79583901e-02 -3.86867195e-01  1.51171756e+00
  5.08512437e-01  5.63685969e-02  1.20562601e+00 -1.39961541e-01
  4.12512273e-01 -3.49298090e-01 -8.70876536e-02  6.67077959e-01
 -5.91712072e-02 -6.18983269e-01  2.46075332e-01 -1.40836406e+00
  3.64467680e-01  4.66621488e-01 -3.12865406e-01  2.92238712e-01]
