generating neighborhood - rnd
2021-05-02 16:20:38.922066: I tensorflow/stream_executor/platform/default/dso_loader.cc:48] Successfully opened dynamic library libcublas.so.10
2021-05-02 16:20:46.403889: I tensorflow/stream_executor/platform/default/dso_loader.cc:48] Successfully opened dynamic library libcudnn.so.7
Latent space
Real space
(array([1, 2, 3, 5, 6]), array([41, 18,  4, 26, 11]))
Latent space 2
synthetic neighborhood class counts {'1': 41, '2': 18, '3': 4, '5': 26, '6': 11}
learning local decision tree
retrieving explanation
e = {
        r = { 7 > -1.01, 99 <= 0.07, 142 > 0.12, 49 <= 0.33, 107 > -1.87 } --> { class: 1 }
        c = { { 49 > 0.33 } --> { class: 5 } }
}
1 1 1.0
[1]
[[1.0306885e-05 9.9997902e-01 9.1564389e-06 2.3917508e-09 1.0474183e-06
  3.3098456e-07 1.8846740e-11 2.9950092e-10]]
[ 2.79840082e-02  1.82896209e+00  1.72867990e+00  2.32412124e+00
 -1.04714966e+00 -7.26735234e-01 -3.75958145e-01 -8.41545463e-01
  1.48683846e-01  5.18026173e-01  2.58937150e-01 -8.93020809e-01
 -1.21484613e+00 -7.77662754e-01 -1.25681603e+00  7.74805903e-01
  9.89872962e-02  5.07240653e-01 -6.67146370e-02 -7.91901529e-01
 -1.62993920e+00 -5.90750217e-01 -5.14598310e-01  1.01533800e-01
  1.15079510e+00 -4.19457674e+00 -9.39311385e-02 -1.59028316e+00
 -2.82576561e-01 -6.09847724e-01  8.34724188e-01  1.78261793e+00
  3.30410987e-01  4.48324442e-01 -1.06661379e+00 -3.57627749e-01
  5.86454272e-01  4.76356953e-01 -1.11964023e+00  1.16472745e+00
  1.54746962e+00 -1.08132437e-01  4.31138456e-01 -2.17150897e-01
  5.63970983e-01 -1.00018919e+00  1.71639442e+00 -2.04970002e-01
 -2.76498407e-01  1.18230484e-01 -3.06990892e-01  1.85395613e-01
 -1.69144046e+00  9.17755067e-01  2.90580392e-02 -1.72134113e+00
  3.25390920e-02 -9.80793536e-01  1.34195852e+00 -1.25132751e+00
 -1.21942556e+00 -8.92828763e-01 -1.09937119e+00 -1.16905808e-01
  4.60425578e-02  1.59833997e-01  1.22442830e+00  1.14639819e+00
  1.30444348e-01 -8.02393138e-01  1.47003278e-01 -9.69148695e-01
 -1.04944718e+00 -3.80529761e-02  4.59609121e-01 -5.75858057e-01
  8.05345923e-03  9.02505994e-01  9.86187518e-01 -2.69510299e-02
 -1.05602670e+00 -1.88239956e+00 -8.44806075e-01  3.66539747e-01
 -3.69433403e-01 -6.83965802e-01 -1.17934845e-01  6.44571602e-01
 -1.32956326e-01  1.51385188e+00  3.25180531e-01 -2.25579649e-01
 -1.06234622e+00 -4.87291098e-01  8.08367014e-01 -1.82781529e+00
 -3.91769201e-01 -9.35257785e-03 -1.29936051e+00 -6.32245481e-01
 -1.07472908e+00 -9.07960892e-01  2.54732281e-01 -3.51940691e-01
  1.68728024e-01  1.29202688e+00 -9.23125088e-01  2.56489158e-01
 -2.18484020e+00 -8.04151833e-01 -1.28054023e+00  2.52501313e-02
  6.21405765e-02 -2.38646805e-01  1.64713371e+00 -1.23022366e+00
  1.09668165e-01 -1.25576413e+00  1.21926524e-01 -5.10652065e-01
  4.47440147e-03 -7.80631453e-02 -9.23179269e-01  5.70569634e-01
 -2.07409263e-02  5.72173536e-01 -2.33944869e+00 -1.53712630e-01
 -1.93483099e-01 -1.87526596e+00  1.13344300e+00  1.24959075e+00
 -7.19451606e-01 -1.46441555e+00  6.00841455e-03  1.73858494e-01
 -1.00400293e+00  4.09550726e-01  1.00952053e+00  1.86921573e+00
  4.99929309e-01  2.79924011e+00 -2.41879821e+00  4.50811386e-01
 -7.02334106e-01 -5.10653973e-01 -1.83244631e-01  1.78967848e-01
 -1.68515372e+00 -1.53363109e-01 -2.84361541e-01  5.25540292e-01
  3.33016157e-01  9.01087075e-02  4.07780290e-01  3.72270346e-02
  1.09562707e+00  1.41531873e+00 -3.14848334e-01 -9.30557787e-01
  1.39180434e+00  4.24442589e-02 -6.86577320e-01  1.07426524e+00
  1.35849380e+00 -9.34201658e-01 -6.13131106e-01 -2.79578380e-02
  1.62190080e-01 -1.32891655e+00 -1.15651429e+00  3.49555910e-02
 -8.10578346e-01 -3.88107486e-02 -2.16926396e-01  3.21288645e-01
 -9.27273035e-01 -2.48765528e-01  3.34781885e-01 -1.08384991e+00
  4.22039330e-02  4.96013165e-01 -3.13849568e-01 -3.12512457e-01
  4.62824583e-01 -1.09950233e+00  1.17179525e+00  1.74945176e-01
 -1.02896297e+00 -5.45750320e-01  1.67257801e-01  1.31160080e+00
  8.76397491e-01 -1.16445497e-01  1.21772563e+00 -2.67989278e-01
 -4.03057218e-01 -1.00033128e+00  1.36891413e+00  1.02138364e+00
  2.77873695e-01 -1.12429428e+00 -2.24522293e-01 -2.26221129e-01
 -1.36233866e-01  4.18527350e-02  1.30840445e+00 -1.11099862e-01
 -1.87792003e+00 -1.33131051e+00  1.00079209e-01 -1.19289553e+00
  9.19936299e-02  2.42422938e-01 -1.15270615e-01  6.53482199e-01
 -2.07953259e-01 -2.06116050e-01 -1.63911581e+00  6.81283951e-01
 -2.71409661e-01  8.77476633e-01  5.71503863e-02 -2.90984780e-01
 -6.69819593e-01 -1.92539245e-01 -3.18747014e-01 -1.74079752e+00
  5.16146660e-01  2.36415211e-03  7.76385248e-01  3.77189249e-01
  3.21963578e-01 -4.48017716e-01  8.92354727e-01 -1.02329278e+00
 -5.60649931e-01  5.57734907e-01  8.14410150e-01  1.06528056e+00
  1.00941181e-01  6.08266652e-01  1.39689207e+00 -4.44771916e-01
  1.33367503e+00 -1.28374267e+00  5.43320119e-01  9.12329555e-01
 -4.02686208e-01  1.75929777e-02  7.77248979e-01 -1.44495058e+00
  1.53688341e-01 -5.13944626e-01 -9.28050578e-01  3.88671577e-01]
