generating neighborhood - rnd
2021-05-05 03:57:47.107807: I tensorflow/stream_executor/platform/default/dso_loader.cc:48] Successfully opened dynamic library libcublas.so.10
2021-05-05 03:58:03.403069: I tensorflow/stream_executor/platform/default/dso_loader.cc:48] Successfully opened dynamic library libcudnn.so.7
Latent space
Real space
(array([0, 1, 2, 3, 5, 6]), array([  2, 117,  41,  10,  61,  19]))
Latent space 2
synthetic neighborhood class counts {'0': 2, '1': 117, '2': 41, '3': 10, '5': 61, '6': 19}
learning local decision tree
retrieving explanation
e = {
        r = { 7 > -0.53, 93 <= 0.37, 47 <= 0.57, 128 > -0.32, 88 <= 0.52, 184 > 0.44 } --> { class: 5 }
        c = { { 88 > 0.52 } --> { class: 6 } }
}
5 5 0.6280064678727549
[5]
[[1.64033985e-03 1.13143094e-01 7.20340945e-03 2.31056110e-05
  9.46510467e-04 8.76805604e-01 1.30195040e-04 1.07950407e-04]]
[-1.83256611e-01  6.93418503e-01 -3.32686156e-01  3.53030354e-01
 -7.64783561e-01 -5.58212817e-01  3.23835999e-01 -1.10497057e-01
 -6.08213067e-01  4.62319016e-01  6.76305175e-01 -2.41343081e-01
 -5.20476401e-01 -6.06151521e-01 -1.35795817e-01 -2.83188701e-01
 -6.55767024e-01 -2.40957022e+00  3.80139291e-01  3.16155136e-01
 -4.18422788e-01 -1.68554473e+00 -1.91346467e-01 -7.96048284e-01
  3.66438627e-02  2.68181729e+00  6.80050910e-01 -1.85712650e-01
 -1.74285865e+00  4.12804544e-01  6.39400721e-01  1.52012169e-01
  1.63128567e+00 -1.87368587e-01 -1.00010917e-01 -2.06506157e+00
 -8.19698572e-02 -5.95777035e-01  5.28085351e-01  9.26739216e-01
  2.18683934e+00  3.60621274e-01 -2.73816615e-01 -6.75586998e-01
  1.07866108e+00 -2.89410949e-02  1.03637373e+00  4.55910355e-01
  2.77525246e-01 -5.27589321e-01  1.05581999e+00 -5.41313410e-01
  2.76916504e-01  1.23879659e+00  1.22049356e+00  6.06201291e-01
 -4.63409066e-01 -7.83733368e-01  9.25456882e-01 -5.94474375e-01
  2.13811255e+00 -1.66692138e-02  2.46664882e-02  8.74473870e-01
  2.83828348e-01 -3.39424610e-02  9.99710083e-01  1.03244853e+00
 -2.35893801e-01  3.50817561e-01  1.87927008e+00  1.21160054e+00
 -4.59335357e-01 -1.49374592e+00 -4.87096280e-01 -6.80246472e-01
 -2.56555557e-01  9.10978496e-01 -5.19581854e-01  3.86652052e-01
  6.68713093e-01  6.85461402e-01 -1.06220134e-02  4.92242098e-01
 -3.82854462e-01 -1.12288296e-01 -5.27277291e-01  2.54797101e-01
 -8.36565733e-01 -5.78911126e-01  3.60106647e-01 -1.44806552e+00
 -3.08350384e-01 -3.47134113e-01  6.43409133e-01 -6.51807934e-02
 -1.99248362e+00 -1.46261185e-01  2.57918954e-01 -4.75756884e-01
 -9.38041091e-01 -8.93397182e-02 -6.51938468e-02 -1.56369483e+00
  3.00179124e-02 -3.42248827e-01 -6.51797414e-01 -3.67837369e-01
 -5.16350389e-01 -1.01221645e+00 -1.62356213e-01 -9.56436619e-02
 -3.51434439e-01 -2.75509715e-01 -2.60727048e-01 -5.56118488e-01
  4.53426838e-01  2.23435223e-01  5.97993284e-03  3.86802629e-02
  1.35218188e-01  2.68227570e-02 -9.14490640e-01 -3.23277861e-01
 -1.73339367e-01 -5.14832258e-01 -9.20884490e-01 -7.89244533e-01
 -1.47660777e-01 -4.18931633e-01  7.03264952e-01 -6.20917678e-02
 -2.17171192e-01 -6.54017687e-01  1.07985184e-01 -1.59218371e-01
  7.94848680e-01 -4.34931308e-01  7.77734160e-01  8.43671024e-01
  1.16255975e+00  8.71567190e-01 -3.50624561e-01  3.78413886e-01
 -8.34984183e-01  1.08760381e+00 -1.58040237e+00 -4.57341373e-02
  2.86300349e+00  2.37689927e-01  6.24154806e-01  7.99274921e-01
 -1.21918306e-01 -2.04388842e-01 -7.45209754e-01  1.94883391e-01
  9.38111395e-02  5.87631941e-01 -1.68212593e-01 -5.82394361e-01
  2.68653572e-01  8.19686726e-02 -1.08935010e+00  1.41155541e+00
  4.56820756e-01  2.70123065e-01 -1.38056695e-01  4.39431369e-01
  5.95834553e-01 -4.94602382e-01 -1.44960737e+00  1.24426925e+00
 -4.77982879e-01 -2.11811006e-01  3.18092644e-01 -4.96754110e-01
 -7.93812513e-01  3.05115581e-01 -6.86945438e-01  1.97599041e+00
 -1.01895809e+00  3.15658122e-01  1.58978105e-01 -3.02062854e-02
 -4.83033538e-01 -5.34508467e-01  2.36925721e-01  1.75418591e+00
 -2.61864990e-01  4.94561493e-01  1.40270099e-01  9.80588675e-01
 -9.08938348e-02  4.26858455e-01  6.11472547e-01  3.22373807e-01
 -7.47058153e-01  1.63161767e+00  1.41932464e+00  2.23498434e-01
  4.88629937e-01  3.75681353e+00  1.67328668e+00  2.03089166e+00
 -7.17331022e-02  6.66939616e-01  5.99307299e-01 -5.92327304e-02
 -1.50792420e+00 -1.35268235e+00  2.10311502e-01 -1.63425103e-01
  4.61842179e-01 -6.58963263e-01 -8.79431069e-01  1.28637135e-01
 -2.90193617e-01  6.23435557e-01 -4.32774633e-01  6.17484003e-02
 -1.81113884e-01  8.93244982e-01  1.17816001e-01  3.05702150e-01
 -2.47653008e-01  3.45122293e-02 -4.32316005e-01 -8.02372873e-01
 -6.22944646e-02  1.11347520e+00  1.41358733e-01 -5.40610850e-01
 -1.55666757e+00 -5.49243689e-01 -3.84128809e-01 -3.38356137e-01
 -1.36488175e+00  6.83184505e-01 -1.12327613e-01  8.02078843e-02
 -4.87430274e-01  8.18336457e-02  8.52068961e-01  3.59970778e-02
  8.27875078e-01 -7.01259673e-01  8.74876738e-01  1.36524022e-01
 -7.35619664e-01 -6.71922684e-01  7.33973384e-01 -6.99659109e-01
 -8.14993262e-01  6.02773368e-01  3.31985950e-03  1.84187925e+00]
