generating neighborhood - rnd
2021-05-02 18:53:08.687329: I tensorflow/stream_executor/platform/default/dso_loader.cc:48] Successfully opened dynamic library libcublas.so.10
2021-05-02 18:53:16.193017: I tensorflow/stream_executor/platform/default/dso_loader.cc:48] Successfully opened dynamic library libcudnn.so.7
Latent space
Real space
(array([1, 2, 3, 5, 6]), array([40, 19,  4, 26, 11]))
Latent space 2
synthetic neighborhood class counts {'1': 40, '2': 19, '3': 4, '5': 26, '6': 11}
learning local decision tree
retrieving explanation
e = {
        r = { 108 <= 1.64, 7 <= 0.90, 187 <= 0.27, 53 > -0.98, 88 <= 1.23, 13 <= -0.93 } --> { class: 2 }
        c = { { 88 > 1.23 } --> { class: 6 } }
}
2 2 0.9099982189819065
[2]
[[7.8769960e-04 7.5637875e-03 9.9096966e-01 1.3397240e-05 3.1484193e-05
  4.7417256e-04 1.3798760e-04 2.1768628e-05]]
[-2.39081651e-01  8.01138043e-01 -7.10034311e-01  1.62195015e+00
  6.14683181e-02 -9.56303656e-01 -7.36948371e-01  2.14957044e-01
  6.35508060e-01  1.51296651e+00  2.76602060e-01 -1.20494449e+00
 -1.30429459e+00 -1.24457610e+00  1.00777793e+00  4.64439452e-01
 -3.52874517e-01  9.09794748e-01  1.03365147e+00  1.95123899e+00
 -7.18042731e-01 -3.94148558e-01  4.68046665e-01 -8.89335513e-01
  7.55310059e-01 -1.41389108e+00  1.05589068e+00  3.50143202e-02
 -2.24577427e-01 -6.75724149e-02  1.12470418e-01  4.54991996e-01
 -1.30352616e-01 -4.06873107e-01 -5.46912014e-01 -9.71169829e-01
 -1.04560792e+00 -6.60962880e-01  9.18729544e-01  8.43520284e-01
  1.82541347e+00  7.12547004e-01 -6.06771529e-01 -1.41686893e+00
  1.17993724e+00 -1.33270538e+00  9.56724942e-01 -1.73737541e-01
 -3.36240947e-01 -1.36984155e-01  1.14845204e+00  1.34959698e-01
 -1.80581427e+00  7.81227469e-01  2.46651605e-01 -8.69401336e-01
 -2.27862120e+00 -2.39097738e+00  1.16816401e+00 -1.65583181e+00
 -1.39304310e-01 -4.25248355e-01 -5.78879237e-01 -6.20506823e-01
 -4.14545596e-01  5.64087689e-01  1.50138223e+00  9.27723706e-01
 -4.03129131e-01  1.89611018e-02  2.10401535e-01 -3.32425982e-01
 -1.30538237e+00 -4.42181885e-01 -5.07822633e-01 -1.02738380e+00
 -2.26508355e+00  1.19281447e+00  5.27417541e-01  7.42663682e-01
  8.20785940e-01 -1.93136597e+00 -7.94672191e-01  7.09845066e-01
  3.42838317e-01 -1.82540447e-01 -1.63185164e-01 -5.57865947e-04
 -2.02535987e+00  1.62899828e+00 -3.50276679e-01  1.20541131e+00
 -2.16353273e+00 -8.47989500e-01  3.25532436e-01 -9.62077379e-01
 -7.05692410e-01 -6.40549660e-01 -2.07083368e+00 -9.11532879e-01
 -2.81926441e+00 -1.09696734e+00 -1.48189116e+00 -7.58692920e-01
 -1.56920516e+00  2.80775249e-01 -1.22611952e+00 -1.74335390e-01
 -2.68881824e-02 -1.64614415e+00 -3.17533880e-01  8.12431157e-01
  2.06064954e-01  4.09590751e-01  1.09574735e+00 -1.15036058e+00
  3.82180899e-01 -6.29757166e-01 -3.54000539e-01  2.47429550e-01
  1.86312981e-02  1.06309843e+00 -1.43705440e+00 -2.92272359e-01
 -7.02461228e-02  9.70776603e-02 -1.84053826e+00 -4.74069156e-02
 -1.28094673e+00 -1.38290203e+00  7.85572827e-01  9.01299894e-01
 -6.45067096e-01 -1.70644894e-01  9.51332867e-01  5.00543475e-01
  4.97978091e-01  8.12658250e-01  7.97302306e-01  1.73138118e+00
  8.97811472e-01  1.99487352e+00 -1.72642279e+00  1.27434087e+00
 -1.61556625e+00  4.29131836e-01  5.92942655e-01 -8.89280558e-01
 -7.14297235e-01  1.35973656e+00  6.97350442e-01  1.73235226e+00
  5.70096850e-01 -1.40752658e-01  5.14744639e-01 -3.23651731e-03
  6.65181637e-01  1.47055507e+00  2.72890091e-01 -1.84433520e-01
 -5.66604398e-02 -8.99420500e-01 -6.82438731e-01  2.37178397e+00
  1.20875883e+00 -1.25522935e+00  1.08837426e-01  3.78877744e-02
  1.02982748e+00 -4.98069733e-01 -1.16744077e+00  1.94933844e+00
 -1.03400087e+00  5.04074872e-01  7.61105180e-01 -6.25243247e-01
 -9.22843397e-01 -1.72482342e-01  5.58981121e-01 -2.15475798e-01
  2.02746287e-01  1.31551373e+00  1.16478276e+00 -4.23121840e-01
  6.60690367e-02 -3.54832977e-01  3.55761021e-01  4.72930491e-01
 -7.24538684e-01  5.09342611e-01  5.85940816e-02  1.27631307e+00
  8.51413727e-01  4.49574590e-01  7.04950616e-02  3.62739533e-01
 -1.90593147e+00 -5.20020664e-01  2.59941196e+00  6.00167871e-01
 -1.59732580e+00 -9.75299656e-01  6.43771529e-01 -2.95354038e-01
  1.04758525e+00  1.65371704e+00  7.12187886e-01 -5.79235256e-01
 -2.55179811e+00 -9.92825866e-01  3.18777531e-01 -3.97628069e-01
  1.79959089e-01 -1.36038113e+00 -1.44205987e+00  1.23521519e+00
 -3.14188957e-01 -5.55557728e-01 -1.28793037e+00 -3.44314277e-01
 -4.25190508e-01  1.84948015e+00  1.76130927e+00  1.49433875e+00
 -3.81949842e-01  1.46723366e+00 -5.73448420e-01 -9.49627459e-01
  2.53053188e-01  2.61143470e+00  1.15105510e+00 -7.07745731e-01
 -1.02395248e+00 -2.00947106e-01 -7.03606129e-01 -1.83969402e+00
  2.55805701e-01  3.88066560e-01 -3.93680930e-01  1.68908429e+00
  2.03221902e-01  1.07555294e+00  1.03290427e+00 -4.99142110e-01
  1.76354730e+00 -1.52646995e+00  1.15370750e+00  8.82581592e-01
 -3.87901992e-01 -7.39650667e-01 -1.81970388e-01 -1.27111173e+00
 -7.22589016e-01  1.19499302e+00 -2.10218310e+00  3.71238470e-01]
