generating neighborhood - rnd
2021-05-02 18:46:31.342237: I tensorflow/stream_executor/platform/default/dso_loader.cc:48] Successfully opened dynamic library libcublas.so.10
2021-05-02 18:46:38.909300: I tensorflow/stream_executor/platform/default/dso_loader.cc:48] Successfully opened dynamic library libcudnn.so.7
Latent space
Real space
(array([1, 2, 3, 5, 6]), array([40, 19,  4, 26, 11]))
Latent space 2
synthetic neighborhood class counts {'1': 40, '2': 19, '3': 4, '5': 26, '6': 11}
learning local decision tree
retrieving explanation
e = {
        r = { 108 <= 1.64, 7 <= 0.90, 187 <= 0.27, 53 > -0.98, 88 <= 1.23, 28 > 0.61, 208 <= -0.18 } --> { class: 2 }
        c = { { 88 > 1.23 } --> { class: 6 }, { 187 > 0.27 } --> { class: 6 } }
}
2 2 1.0
[2]
[[4.44824994e-03 4.52008098e-01 4.60688859e-01 1.14826225e-05
  3.20448428e-02 5.03027141e-02 3.24260532e-06 4.92545660e-04]]
[-5.31560600e-01  7.43650198e-01  5.71004272e-01  2.00130320e+00
 -2.45579332e-01 -5.80684185e-01 -7.86835134e-01 -6.67528659e-02
  5.55288374e-01  3.25967550e-01  5.85977614e-01 -6.37175024e-01
 -1.22080684e+00 -7.39222586e-01  3.45680676e-02 -6.96284696e-02
  2.53410656e-02  4.45724934e-01  2.00405419e-01  4.92229491e-01
 -8.38023901e-01 -6.34126067e-01 -6.27525896e-02 -8.43485475e-01
  6.69178486e-01 -3.42366910e+00  4.15443659e-01 -4.80950892e-01
 -8.29116285e-01 -1.02654326e+00  3.80911112e-01  1.35492668e-01
  7.23164082e-02  3.18612128e-01 -2.39773482e-01 -2.63057262e-01
  8.77653807e-03  9.06124711e-04  4.65508491e-01  6.80087864e-01
  6.29092216e-01  3.30178797e-01 -3.98345947e-01 -1.01370609e+00
  8.37761104e-01 -7.38696992e-01  8.57825458e-01 -2.33213902e-01
  5.54426491e-01  2.10786819e-01  4.34320360e-01  1.33754358e-01
 -2.63775945e+00  1.27936053e+00 -3.47020805e-01 -1.40500760e+00
 -3.57834876e-01 -1.36323118e+00  1.34518361e+00 -7.88388133e-01
 -3.14791769e-01 -1.40469223e-01 -6.74240351e-01 -9.53148305e-01
 -2.23928258e-01  5.61638325e-02  1.24983406e+00  1.05076754e+00
 -8.09919089e-03 -2.31323928e-01  7.02781677e-01 -1.17148292e+00
 -5.24602294e-01 -2.92765528e-01  5.14734626e-01 -9.38106418e-01
 -6.43407166e-01  9.23147976e-01  6.21101260e-01  4.31727797e-01
 -3.65108848e-02 -1.66315079e+00 -5.41198730e-01  8.79391193e-01
  1.26210034e-01 -5.85648656e-01 -2.23421946e-01  5.70068240e-01
 -9.09249783e-01  2.13187146e+00  2.18080044e-01  8.99327397e-02
 -5.36657572e-01 -4.40707833e-01  6.93873882e-01 -8.72365355e-01
 -3.49763155e-01 -2.30589345e-01 -1.22279739e+00 -1.17539680e+00
 -1.37283742e+00 -4.20581818e-01 -8.43278646e-01 -4.33881760e-01
  4.00071964e-02  9.29131627e-01 -1.18366146e+00 -7.11155310e-02
 -6.17483020e-01 -1.33129203e+00 -5.11643350e-01 -4.23910916e-02
 -2.39530355e-01 -6.35398328e-01  1.25028384e+00 -1.31490993e+00
 -1.83732033e-01 -6.65080607e-01 -6.06748998e-01  3.13837796e-01
  1.10486776e-01  7.91383743e-01 -7.28641152e-01 -5.74029945e-02
 -2.92064965e-01  3.26226428e-02 -2.73371840e+00 -7.44270325e-01
 -3.78339946e-01 -1.18973362e+00  8.79400611e-01  6.67652488e-01
 -7.43594408e-01 -6.49089932e-01 -1.95945680e-01  6.45498745e-03
  4.75506186e-02  3.48724186e-01  8.98281813e-01  6.59028888e-01
  1.02849746e+00  2.33560133e+00 -2.94128776e+00  6.24035299e-01
 -1.59154749e+00  2.09860086e-01  2.21467614e-02 -2.50484645e-01
 -1.94357693e+00  4.72446889e-01  8.80455136e-01  1.81649137e+00
 -4.55777496e-02 -4.55099702e-01  3.62017483e-01  9.99317318e-02
  6.63346112e-01  1.78549910e+00 -1.10574543e-01 -7.87466109e-01
  5.11283398e-01 -2.12888241e-01 -8.24407339e-01  4.86907035e-01
  1.81876802e+00 -5.99103093e-01  9.90299881e-02  8.91075373e-01
  5.58957338e-01 -5.45762241e-01 -1.23877621e+00  1.29148006e+00
 -6.95140779e-01  3.47375482e-01 -3.60993743e-01 -7.62801588e-01
 -9.64492559e-01 -7.67190754e-02  1.29938424e-02 -1.20977497e+00
  9.86387491e-01  7.43083358e-01  5.08433282e-01  4.02074486e-01
  5.61291337e-01 -6.57040715e-01  8.53887916e-01  2.13893607e-01
 -1.54911733e+00  8.65683734e-01  1.59530178e-01  6.83309078e-01
  9.82974648e-01 -9.07150209e-02  2.52108395e-01  7.73906350e-01
 -1.05834568e+00 -7.07182884e-01  2.33702731e+00  4.39067572e-01
 -2.58214265e-01 -1.84991372e+00  8.25987756e-02 -3.46189022e-01
  1.10065591e+00  9.96916652e-01  5.83407462e-01 -8.93143937e-02
 -1.83330548e+00 -1.38792729e+00  1.71140775e-01 -3.78294021e-01
  2.49720991e-01 -8.29835117e-01 -1.82773960e+00  5.26585221e-01
  2.40850344e-01 -4.48691964e-01 -5.36612511e-01  3.25480759e-01
 -2.76878357e-01  1.21112096e+00  9.11041915e-01  8.63782585e-01
  1.84675455e-01 -3.40107560e-01 -6.59904480e-01 -1.39628589e+00
  7.83919394e-02  1.05787122e+00  1.87521577e-01 -3.20892513e-01
 -4.14989144e-01 -8.22084129e-01 -1.51143774e-01 -1.14542949e+00
 -2.18347460e-02  8.01945567e-01 -4.92411181e-02  1.63225460e+00
 -1.96965098e-01  2.04919890e-01  1.64652967e+00  1.69417430e-02
  1.08091426e+00 -1.35729933e+00  9.06017244e-01  4.14359450e-01
 -3.66121054e-01 -5.69839895e-01 -5.02714664e-02 -7.51625359e-01
 -3.37284148e-01  7.09828854e-01 -6.55498028e-01  5.36569059e-01]
