generating neighborhood - rnd
2021-05-06 22:13:29.569234: I tensorflow/stream_executor/platform/default/dso_loader.cc:48] Successfully opened dynamic library libcublas.so.10
2021-05-06 22:13:48.562535: I tensorflow/stream_executor/platform/default/dso_loader.cc:48] Successfully opened dynamic library libcudnn.so.7
Latent space
Real space
(array([0, 1, 2, 3, 5, 6]), array([  2, 145,  49,  11,  70,  23]))
Latent space 2
synthetic neighborhood class counts {'0': 2, '1': 145, '2': 49, '3': 11, '5': 70, '6': 23}
learning local decision tree
retrieving explanation
e = {
        r = { 7 > -0.53, 119 > -0.80, 86 > -1.86 } --> { class: 1 }
        c = { { 7 <= -0.53 } --> { class: 5 } }
}
1 1 0.6966687799657881
[1]
[[4.7984798e-04 9.9935031e-01 4.2210132e-07 1.5711153e-08 1.4769261e-04
  2.1342619e-05 3.3302300e-07 1.9522810e-08]]
[-2.80016009e-02  5.12939572e-01  1.07213795e-01  1.22234726e+00
  3.01434726e-01 -3.24260503e-01 -8.42123032e-01 -1.70515269e-01
 -2.24855542e-03  8.26718807e-01  5.12157381e-01 -8.87474597e-01
 -3.04232895e-01 -9.98600483e-01  4.09738302e-01  1.44336134e-01
 -1.63316131e-01  6.28013432e-01  5.99821508e-01  1.04197645e+00
 -4.45701480e-01 -5.37907302e-01  9.46270153e-02 -6.12827420e-01
  4.22206610e-01  1.29790878e+00  1.27170300e+00  1.99323803e-01
  1.03181648e+00  7.20189452e-01 -3.10774714e-01  4.42655683e-02
  3.38915467e-01 -2.42665768e-01 -9.17781115e-01  8.02857757e-01
 -8.56762588e-01 -9.91692424e-01  5.85585117e-01  2.74513185e-01
  1.58130026e+00  3.68329108e-01 -2.84620494e-01 -3.82228285e-01
  8.44196916e-01 -9.15750146e-01  1.18636084e+00  2.06103325e-02
  9.83344465e-02 -1.23923969e+00  7.08405852e-01 -3.77115339e-01
  1.08581531e+00 -6.27098307e-02 -8.06167781e-01 -1.31132078e+00
 -1.08400071e+00 -8.96093190e-01  4.29178774e-01 -6.86501265e-01
  2.35516876e-01 -1.09122135e-01 -9.20602500e-01 -1.24542844e+00
 -2.47272789e-01  2.41786391e-01  8.32851470e-01  1.39005983e+00
 -5.03884375e-01 -2.22930759e-01 -9.47948098e-01 -4.76509631e-01
 -6.32054210e-01 -4.49824810e-01  4.19343412e-02 -5.81681609e-01
 -1.15028858e+00  1.04540753e+00  4.29862827e-01  4.82831836e-01
  1.26712871e+00 -6.35333419e-01 -1.21360376e-01 -4.71108019e-01
  5.94529510e-02 -2.20347309e+00 -4.91728365e-01  2.34709471e-01
 -6.51975036e-01 -1.00941110e+00  1.65218532e-01  1.01050168e-01
 -9.93104756e-01 -8.75129700e-01  6.23218775e-01 -7.05740750e-01
 -5.90397835e-01 -3.66263896e-01 -6.74510598e-01 -9.09468234e-02
 -1.61874747e+00 -6.48756564e-01 -3.24466765e-01 -1.01776636e+00
 -7.30318487e-01 -1.80270767e+00 -9.82406259e-01 -2.53323227e-01
 -2.77081251e-01 -1.16231251e+00 -1.93346485e-01  2.45245427e-01
 -6.65354431e-02  5.54124355e-01  5.66981077e-01 -4.33381170e-01
  3.55037659e-01  1.68970823e-01 -1.57238916e-01  2.20153093e-01
 -1.13005854e-01  6.69751108e-01 -9.25642490e-01 -2.70720005e-01
 -2.43223906e-01 -3.24338913e-01  1.46824807e-01 -3.76004651e-02
 -5.06168664e-01 -3.66151959e-01  5.96486986e-01  1.73383784e+00
  1.52272058e+00 -1.58691064e-01  4.35588479e-01 -5.09852171e-01
  6.41035676e-01  1.20487856e-02 -8.73175621e-01  1.45122731e+00
  9.59564745e-01  9.59680200e-01 -1.54821956e+00  5.40753365e-01
  1.45532966e+00 -6.45141244e-01  1.83547592e+00 -3.56976092e-01
  6.96520090e-01 -6.77813530e-01 -3.68257463e-02  1.26262033e+00
  3.54412407e-01 -9.11397412e-02  1.43771815e+00 -2.20009834e-01
 -1.50695741e-01  1.05590034e+00  7.08324611e-02 -2.61678159e-01
  1.47256523e-01  2.34395370e-01  4.65823710e-01  1.44909227e+00
  3.54064286e-01 -4.24333572e-01 -6.65916279e-02  1.05646305e-01
  7.84240782e-01 -8.25317502e-01 -2.86451626e+00  1.11827362e+00
 -6.36862159e-01  1.34038568e-01 -4.63815212e-01 -3.62493873e-01
 -7.95997202e-01 -2.66093433e-01  3.24809283e-01  7.74817884e-01
 -9.52157557e-01  9.14556503e-01  1.05267835e+00  2.26216540e-01
 -1.42219222e+00 -2.38029495e-01  6.37203515e-01  8.95556808e-01
 -1.69159150e+00  3.25980753e-01 -6.00625835e-02  1.48254049e+00
 -9.63749170e-01  1.51200861e-01  3.67909819e-01  3.44859928e-01
 -1.22593582e+00  1.11124825e+00  1.83089864e+00  1.22450614e+00
 -4.29615915e-01 -6.93306565e-01  7.52020299e-01  7.24068284e-02
 -4.76853073e-01  9.08823550e-01  1.11454701e+00 -4.17307287e-01
 -9.94411886e-01 -9.03725564e-01  2.75126457e-01 -1.74549639e-01
  1.04842818e+00 -1.12042212e+00  7.59316623e-01  7.73056328e-01
  1.40210032e-01  2.53636241e-02 -9.23146069e-01  1.63212810e-02
 -2.31767863e-01  1.23836792e+00  7.82254279e-01  9.38138425e-01
 -1.50233245e+00  8.05891693e-01 -5.25070012e-01 -1.06417453e+00
  3.16569567e-01  1.33202016e+00  1.28331506e+00 -5.55328846e-01
 -8.53525639e-01 -6.10886633e-01 -8.39320719e-01 -7.24043190e-01
  3.87188613e-01  6.20195627e-01 -2.65634358e-01  1.32338858e+00
  1.46608162e+00  6.23370111e-01 -3.72253835e-01  1.47720739e-01
  1.16652739e+00 -1.08177114e+00  1.06694901e+00  2.76034862e-01
  1.41741812e-01 -4.98512387e-01 -3.27049106e-01 -7.52568901e-01
 -3.04858834e-01  6.39284194e-01 -8.68043184e-01  3.32454830e-01]
