generating neighborhood - rnd
2021-05-02 16:40:41.513704: I tensorflow/stream_executor/platform/default/dso_loader.cc:48] Successfully opened dynamic library libcublas.so.10
2021-05-02 16:40:48.958089: I tensorflow/stream_executor/platform/default/dso_loader.cc:48] Successfully opened dynamic library libcudnn.so.7
Latent space
Real space
(array([0, 1, 2, 3, 5, 6]), array([ 3, 120, 52,  14, 77, 34]))
Latent space 2
synthetic neighborhood class counts {'0': 6, '1': 117, '2': 52, '3': 14, '5': 77, '6': 34}
learning local decision tree
retrieving explanation
e = {
        r = { 108 <= 1.64, 7 <= 0.90, 187 <= 0.27, 53 > -0.98, 88 <= 1.23, 13 <= -0.79, 219 > -0.53, 21 > 0.13 } --> { class: 0 }
        c = { { 88 > 1.23 } --> { class: 6 }, { 21 <= 0.13 } --> { class: 6 } }
}
0 0 1.0
[0]
[[5.6181830e-01 4.3167800e-01 1.0639499e-03 2.9817916e-06 4.8207054e-03
  5.7839719e-04 3.3607921e-05 4.1366388e-06]]
[-3.9352037e-02  7.7698731e-01  2.9330468e-01  1.9348516e+00
  2.1449894e-02 -2.9094821e-01 -4.7235018e-01  1.3016349e-01
  5.9436929e-01  9.4861418e-01  6.8025810e-01 -6.1532956e-01
 -9.9927920e-01 -8.5315526e-01  6.6264361e-01  8.0976017e-02
 -2.9203230e-01  5.1717597e-01  7.4440259e-01  9.1179544e-01
 -8.9838356e-01 -1.7073378e-01  1.0409334e-01 -5.3371644e-01
  6.2415957e-01 -3.2215874e+00 -4.4384420e-02 -4.0930912e-02
 -7.6115185e-01 -9.9795920e-01  4.2011029e-01  4.1147554e-01
 -4.1201442e-01 -3.5007268e-01 -5.4494596e-01 -1.7221926e-01
 -4.6657491e-01 -3.9092600e-02  7.2944444e-01  8.3479625e-01
  1.1955875e+00  1.5607598e-01 -2.9192927e-01 -9.9421310e-01
  9.9848551e-01 -5.4490393e-01  9.3700331e-01 -4.3062800e-01
 -3.5705006e-01 -1.6008762e-01  7.3027134e-01  4.7563183e-01
 -1.9549119e+00  1.0010214e+00 -1.6778812e-02 -1.8299267e+00
 -1.0343344e+00 -1.7851331e+00  1.3967943e+00 -1.0893257e+00
 -2.3867977e-01 -2.5906868e-02 -1.0176520e+00 -1.0650023e+00
  2.9247805e-02 -1.6572665e-01  9.5181823e-01  7.7287430e-01
  2.9290032e-01 -3.9521897e-01  5.0413352e-01 -8.8465983e-01
 -6.4469874e-01  5.2687794e-02  2.9868877e-01 -8.0029511e-01
 -9.9817586e-01  1.1306683e+00  3.9915314e-01  2.3431885e-01
  5.7670385e-02 -2.0162683e+00  1.3177779e-01  7.6673675e-01
 -4.4889182e-02 -4.3047562e-01 -3.8080460e-01  3.3697629e-01
 -1.3580494e+00  1.9254984e+00 -1.4446814e-01 -8.0906227e-02
 -1.0015249e+00 -6.8069470e-01  5.9180748e-01 -4.9144149e-01
 -5.6011790e-01 -4.0679985e-01 -1.3894836e+00 -5.9062296e-01
 -1.7257315e+00 -7.9322857e-01 -4.5460850e-01 -5.4070127e-01
 -8.1150174e-01  1.1150606e+00 -9.0182412e-01 -1.3213298e-01
 -4.7056389e-01 -9.6104115e-01 -2.7066526e-01  3.5155964e-01
 -1.6459101e-01  1.0720779e-01  1.5936918e+00 -8.3238047e-01
  3.2873228e-01 -5.8029127e-01  4.4548623e-02  5.7658422e-01
  7.3082685e-02  9.7346872e-01 -1.0464252e+00 -2.3522700e-01
  7.5358152e-04 -1.3757868e-01 -2.6212165e+00 -1.3963519e-01
 -5.1885277e-01 -1.5092776e+00  8.7402201e-01  4.2625195e-01
 -6.0563278e-01 -3.7749967e-01  3.1524661e-01 -3.3563089e-02
 -1.1460668e-01 -5.1855296e-02  4.1859639e-01  1.2674460e+00
  1.0990353e+00  2.0907266e+00 -2.4248762e+00  7.5401419e-01
 -1.7378733e+00  1.7538825e-01  2.9603112e-01 -1.8605110e-01
 -1.4931176e+00  8.2011068e-01  9.8078632e-01  1.1403146e+00
  1.8062556e-01  4.6571877e-02  5.0178611e-01 -1.3473450e-01
  8.1460297e-01  1.4150174e+00 -4.9239013e-01 -3.4860569e-01
  1.8016909e-01 -6.6636905e-02 -6.8519282e-01  1.1959287e+00
  1.6998317e+00 -5.5623037e-01 -2.0236048e-01  1.7343500e-01
  3.9985090e-01 -8.7322593e-01 -1.1896682e+00  1.4890649e+00
 -8.0740565e-01 -4.7117603e-01  2.2881931e-01 -8.8589042e-01
 -8.6641371e-01 -4.5772612e-02 -2.3297720e-01 -9.6788132e-01
  7.8176570e-01  7.6643014e-01  1.0236016e-01 -2.6067901e-01
  1.6124088e-01 -5.2438885e-01  6.8238914e-01  2.9446667e-01
 -1.6801972e+00  2.9628479e-01  4.2287171e-02  8.9064032e-01
  6.8308073e-01  2.9023993e-01  5.8090186e-01  4.0838769e-01
 -1.1309198e+00 -5.7972085e-01  1.6030687e+00  1.0181543e+00
 -6.6667259e-01 -1.3054914e+00  2.7798676e-01 -2.7290982e-01
  1.2580260e+00  5.8503759e-01  6.0784042e-01 -5.6600648e-01
 -1.5478034e+00 -1.1658622e+00  1.0952742e-01 -6.4023829e-01
  9.5316373e-02 -8.6421281e-01 -1.7397987e+00  3.6492079e-02
 -8.8994563e-02 -4.5187286e-01 -1.0185137e+00 -2.6932925e-01
 -1.6113286e-01  1.1781855e+00  9.9877661e-01  7.3367625e-01
 -2.3137723e-01  5.0523216e-01 -7.4097979e-01 -7.7580673e-01
  4.9939740e-01  1.3548050e+00  2.3748088e-01 -6.9924772e-01
 -4.3793994e-01 -4.3558481e-01 -7.6625186e-01 -1.1050345e+00
 -3.6645673e-02  6.7466992e-01 -1.9085762e-01  1.3762296e+00
  4.3619871e-02  4.4569394e-01  1.2419467e+00 -1.4060628e-01
  1.1935593e+00 -1.2468377e+00  1.0567636e+00  5.4121190e-01
 -3.2389635e-01 -5.4333729e-01 -1.9046465e-01 -8.5558218e-01
 -2.3117401e-01  9.7268856e-01 -7.6480788e-01  2.0395440e-01]
